1550	
	0.06646285603	0.06827873685	0.07075135808	0.06984778605	0.07107130505
	0.07138979782	0.07175235177	0.07257958817	0.07256953764	0.07267256319
	0.07309696262	0.07362704425	0.07389259246	0.08791366499	0.07462111775
	0.0787875835	0.07515892179	0.07450008853	0.07515257073	0.08643685619
	0.07310769164	0.08626642717	0.0727821805	0.08099268285	0.08028401702
	0.07619214667	0.07723315782	0.08339798159	0.07775638933	0.07786526236
	0.07833366694	0.07659371581	0.07671358763	0.07782797617	0.07649860392
	0.07844242706	0.07897751604	0.07753125845	0.07058970725	0.0752551525
	0.07948706473	0.0795816713	0.07800302718	0.0801707775	0.0809808733
	0.07540853702	0.0796469717	0.07618629458	0.07917672428	0.08162792187
	0.08006259106	0.08045064471	0.07821101936	0.07578681578	0.08132247897
	0.07830916103	0.07730707864	0.07943770678	0.08138711706	0.0784129081
	0.07930328475	0.07510964503	0.07472919348	0.07775065115	0.08033147799
	0.07505898371	0.07683556996	0.07368806656	0.07829421334	0.08013898644
	0.079227336	0.08230062229	0.08210614409	0.08326240833	0.07698340695
	0.07631057884	0.07609946149	0.0806377386	0.08404883571	0.07212314027
	0.08307404936	0.08422613142	0.08426645532	0.08371779875	0.07334344117
	0.07760687172	0.07045066694	0.07045267919	0.07970162869	0.0849561392
	0.07294505564	0.07601675681	0.08371634741	0.06977007785	0.07972350041
	0.08475747686	0.06846012615	0.0664621959	0.07932049637	0.08124093783
	0.08111969256	0.08434987145	0.08196906609	0.08850264103	0.08429568195
	0.07962422703	0.08145764327	0.08492808723	0.0827229118	0.08126472226
	0.07944106535	0.075207812	0.07975007664	0.08061703332	0.0805366727
	0.07291422356	0.07619641109	0.07641715103	0.07279255826	0.07437529575
	0.06951808823	0.07702774312	0.076325596	0.08455634217	0.08538086963
	0.08523167266	0.06995990838	0.07350549684	0.08496695449	0.0830968293
	0.08626592403	0.07664896123	0.07306599934	0.0725295109	0.08214598384
	0.08665219778	0.07991752818	0.08101947318	0.0876642977	0.07064496471
	0.08554944312	0.0802040625	0.07105908386	0.08283737699	0.08735418117
	0.08493635565	0.06955234075	0.0738696498	0.07760995029	0.08470102823
	0.07992149143	0.08387999471	0.07870744363	0.07950505584	0.07379278396
	0.0740820753	0.08681665961	0.08557739067	0.07107615976	0.07173794733
	0.07839416982	0.07427779329	0.07222195723	0.07699910041	0.08449415423
	0.08631748214	0.07665271247	0.08356216423	0.0870990265	0.08300340762
	0.08830963813	0.07773003524	0.0776123707	0.08193332132	0.08386275953
	0.08712345946	0.07593008093	0.08525592	0.06748053478	0.07137137683
	0.07781873868	0.06907038032	0.08616186273	0.08147555846	0.07268797809
	0.07218433548	0.08565951722	0.08692972992	0.08676175809	0.08804845649
	0.07604573586	0.07133909163	0.07414209161	0.086489406	0.07596433306
	0.07002468482	0.07596590586	0.08817404811	0.07893571031	0.08113136751
	0.08394543235	0.07631491028	0.08781644282	0.08812829801	0.07399059687
	0.08212103931	0.08740237873	0.08697526625	0.08460620218	0.08600026119
	0.07915450924	0.08213537124	0.07496182771	0.07211924783	0.07921096257
	0.07704142944	0.08671451011	0.08716798605	0.07983314352	0.07481496493
	0.08832560081	0.08221074829	0.08646998092	0.08525713689	0.07518358723
	0.07308069754	0.08766703537	0.0764158603	0.07916252219	0.08248833365
	0.07137193952	0.07628902357	0.08812643688	0.07606413764	0.0871441007
	0.08271102302	0.08663325598	0.07441547044	0.08805699189	0.08393454266
	0.07342462642	0.07725314769	0.08133106973	0.08058402158	0.07919061915
	0.08653618405	0.06817287133	0.07983057207	0.08602477393	0.08612315237
	0.08276135084	0.0801427207	0.08808544721	0.07674902447	0.08133782925
	0.08789300928	0.08554239461	0.08325406975	0.07779269905	0.08527534692
	0.0774912419	0.0858217442	0.07657915126	0.08767403932	0.07212495681
	0.07685745264	0.08727643729	0.08437414077	0.08852827203	0.07316844535
	0.08756234419	0.06873912326	0.08400206795	0.07948932262	0.07742293915
	0.07226227286	0.08794240704	0.07152201096	0.07875146787	0.08217476511
	0.08401929594	0.07642973116	0.07235888812	0.07074707012	0.08364556947
	0.07840918094	0.06934277379	0.0778598478	0.0861521482	0.08324953866
	0.08696009184	0.08565678294	0.07642016337	0.08796784835	0.07612284802
	0.08644594423	0.072950643	0.06847784747	0.08077829118	0.08625118775
	0.0715844559	0.08194364771	0.07808709977	0.08731783848	0.08163142747
	0.08307995098	0.08438873839	0.08848020644	0.08523372288	0.07546335913
	0.0725591384	0.08246310467	0.07384993795	0.0877021454	0.07782139543
	0.0872660483	0.08061728003	0.08429765337	0.07082062215	0.07355061375
	0.08041159315	0.08122080339	0.0724586187	0.08685178087	0.08696884946
	0.08571166656	0.0698473917	0.07030605479	0.07764369179	0.07835626615
	0.07213559386	0.07132365184	0.08198173451	0.08432016992	0.08595878568
	0.08277798079	0.08729349102	0.07491651503	0.07784153169	0.08536714555
	0.08270699651	0.08528254983	0.08441408285	0.07373685496	0.08565058888
	0.06701647714	0.08127077551	0.07671290422	0.08343719104	0.08458860343
	0.08461010507	0.06743777373	0.0819151445	0.08189652393	0.07829669262
	0.07719616866	0.07816553797	0.06871792641	0.08345196453	0.07063766225
	0.0828629525	0.06646287244	0.08459585521	0.0774829012	0.08538816056
	0.06844108078	0.07185252853	0.08545721311	0.06956464704	0.08085828541
	0.08186696025	0.08458689318	0.08512787974	0.08337225751	0.07007410353
	0.07634732289	0.08206433676	0.07974149517	0.08242338858	0.07049739318
	0.0817968138	0.08413806665	0.07148814525	0.07312969523	0.07956131152
	0.08043090012	0.07301671591	0.08270543957	0.08356558996	0.08456226669
	0.07666304789	0.08378467123	0.07837453365	0.07934147882	0.08235391366
	0.08016571499	0.08249455948	0.07915045711	0.07636142718	0.08015049754
	0.08265678526	0.07637344298	0.0790603642	0.07972743239	0.07703624044
	0.08161857093	0.07624804885	0.07643948356	0.0800957016	0.08189306966
	0.08195444015	0.07918285624	0.07964539776	0.08160557516	0.07724823406
	0.07593755572	0.08347810213	0.07813900935	0.08358765238	0.07850531775
	0.07953513655	0.07686285978	0.07878802151	0.07760089887	0.08202029028
	0.08449870796	0.07341032954	0.07775162213	0.08019017079	0.07688486047
	0.07795856116	0.07816882985	0.07950137682	0.07572748988	0.07832218828
	0.07482068794	0.07525399957	0.0784286116	0.07565534467	0.07841780263
	0.08014670092	0.07711020745	0.07621650351	0.07696943916	0.07548061168
	0.0767483672	0.07545296831	0.07530913311	0.07535810823	0.07573396551
	0.07490972982	0.07321558907	0.0795096608	0.07407883016	0.07325686122
	0.0739972697	0.07073991812	0.07208249187	0.06954037572	0.0680312488
	0.06755792422	0.06646241949	0.06718073518	0.06925055635	0.07021034194
	0.0778043503	0.07260721282	0.07331453377	0.07459854162	0.07654593925
	0.07647605648	0.07188386511	0.07111735698	0.07703161158	0.07693762539
	0.07398248315	0.07793233803	0.07900070318	0.07517283571	0.07561308214
	0.07605755689	0.08522149255	0.08569754722	0.08673702072	0.08610770222
	0.08726532689	0.07846883839	0.07209970268	0.08185799501	0.08221965469
	0.08089602811	0.07642222366	0.07364943025	0.0773788266	0.08382097498
	0.0832765759	0.08579350247	0.08542409963	0.07009517827	0.07101489044
	0.07185499652	0.07679479443	0.07758749256	0.08051109481	0.07688383801
	0.08271303206	0.0787838894	0.07983083665	0.07771561725	0.08375645034
	0.07258266701	0.07332522345	0.07644772435	0.07476812439	0.0801957254
	0.08832248236	0.08846002675	0.08428395223	0.07434987895	0.08385271273
	0.08391998485	0.08819057928	0.08810023458	0.07644901599	0.08513094142
	0.0831006556	0.08210049969	0.07537197442	0.07580070419	0.07619712945
	0.0765723247	0.07701863264	0.08010501287	0.08524116146	0.08463765817
	0.08329774937	0.08305741377	0.08079636655	0.07055383653	0.07781004283
	0.07739888337	0.07738481446	0.07560858188	0.07728362977	0.07801933566
	0.07844928785	0.07799288139	0.0687684834	0.06753297178	0.07050237583
	0.07106570853	0.06952925274	0.07148384692	0.07258418897	0.0736952246
	0.07439543146	0.07917535869	0.07377356765	0.07163544572	0.07554071446
	0.08062900979	0.07750083157	0.0776583289	0.07494464824	0.07921216266
	0.07808328549	0.0760947884	0.07503765211	0.07658235344	0.07700442173
	0.0760615487	0.07558006589	0.07902657493	0.07958071051	0.07852855499
	0.07862874184	0.07234046036	0.07719307166	0.07701213546	0.07677728524
	0.08123461197	0.07407056088	0.07731922853	0.08002034007	0.08022903536
	0.08074955871	0.08124556298	0.08563945189	0.07773541066	0.07765919942
	0.07753629124	0.07635939643	0.0811399151	0.08031910952	0.08566942106
	0.08300797578	0.08227664373	0.08145613799	0.08112940097	0.07764057109
	0.08335910511	0.07987386882	0.08364313003	0.08704069251	0.08745505356
	0.08127353548	0.08042164569	0.07925949519	0.06958402472	0.06886153706
	0.07181798087	0.0723338733	0.07134549483	0.0730916736	0.07351938767
	0.08007966748	0.08113942704	0.08192751705	0.0787205828	0.07313952808
	0.07365412622	0.07398785311	0.07530653391	0.07945053585	0.07374854809
	0.07428616276	0.07830591693	0.08032696635	0.07927429989	0.0790845758
	0.07585952116	0.07870487093	0.07491382616	0.07826737624	0.07641812497
	0.07689894065	0.07710947757	0.07681101312	0.07723506894	0.07716569839
	0.07741853046	0.07856073957	0.07962369801	0.07662636273	0.08621041508
	0.0845254407	0.08549910844	0.0863873589	0.08410958837	0.08464449407
	0.07786213887	0.07761267485	0.07736556699	0.07772410641	0.08085012688
	0.08852023832	0.08380856775	0.08827340856	0.08809292705	0.0886137077
	0.0885968313	0.08600547429	0.0870692464	0.08571388941	0.08582030719
	0.07319751919	0.07060620987	0.08647028351	0.08488726343	0.08418474947
	0.08856670125	0.08397860056	0.08729880312	0.08746758401	0.07602995849
	0.07469210968	0.06753284752	0.08605933999	0.08049465496	0.08395285905
	0.0858010061	0.06718041217	0.07628339484	0.07262407606	0.08627160811
	0.08636908971	0.08388981639	0.08504582028	0.08579036346	0.07597102632
	0.08532024081	0.06917724803	0.08599400814	0.08452590281	0.08561216059
	0.07091404631	0.07021553249	0.06962107395	0.0691300111	0.07194784456
	0.0719710307	0.07334034853	0.07264268136	0.07405997957	0.07541411154
	0.0752309189	0.07644493616	0.07784605451	0.07144182122	0.0686937473
	0.07763805885	0.07613886017	0.07291906962	0.07199221423	0.07144714931
	0.07870215567	0.07412231264	0.07427957257	0.07298310738	0.07291769542
	0.07522374	0.07459110057	0.0742449525	0.07333855364	0.07450132498
	0.07634559943	0.07571586204	0.07622194983	0.07707913503	0.07876229557
	0.07054952475	0.0729662297	0.0740942591	0.07445465066	0.07726996726
	0.07542072646	0.07828692187	0.07595581029	0.07657582603	0.07565065546
	0.07682990441	0.07520984755	0.07466619414	0.08005094805	0.07826678427
	0.07904472857	0.07670421794	0.07937918889	0.07772643837	0.07676673255
	0.08317064827	0.08103399378	0.07890509821	0.08527451181	0.08280631733
	0.07984793301	0.08262881025	0.08021347838	0.08000157983	0.07967428961
	0.0796550289	0.08136359402	0.0748077774	0.08247763102	0.08154213233
	0.08658934179	0.08552895432	0.08709767883	0.0877523567	0.08041733259
	0.08020134906	0.07983086567	0.07903929543	0.08047108766	0.08101231127
	0.08055783121	0.08078395208	0.0826365862	0.08355616865	0.06749053814
	0.08512453316	0.08268895011	0.08184266056	0.0807909549	0.08108063283
	0.08327502095	0.08496375198	0.07737484558	0.08736793357	0.08188376867
	0.0780473077	0.07749898709	0.08119030634	0.08357248917	0.08036296885
	0.08138893884	0.07929474978	0.07875558414	0.07847353634	0.07964878645
	0.07979027709	0.08046641289	0.07948287842	0.08270335664	0.08383817853
	0.08229394532	0.08167612039	0.08404863285	0.08503346081	0.08154227459
	0.08236938205	0.08422354792	0.08625480429	0.08410241795	0.08553754755
	0.08086894963	0.08012504678	0.08089289076	0.07720179093	0.07879555025
	0.07870383786	0.07824594527	0.06988300488	0.06917881325	0.07032475681
	0.06844669128	0.06931669852	0.07213414353	0.07095507976	0.07108500598
	0.07171561249	0.07219350077	0.07253023215	0.07433902828	0.07998653426
	0.07853649398	0.07892434969	0.07764609922	0.08147970568	0.07953318426
	0.08058131582	0.075866086	0.07478081862	0.07880802546	0.07945528591
	0.07563731475	0.08133178311	0.080698767	0.07594293173	0.07691682074
	0.07698601604	0.07678969073	0.0748409074	0.07538012375	0.07342824061
	0.07787898766	0.074950413	0.07362329733	0.07511705191	0.07788429537
	0.0727651901	0.0747459028	0.07568031413	0.07368482984	0.07666003619
	0.07549996213	0.07743852929	0.07873872524	0.07955674584	0.08127366969
	0.08686322802	0.08816639331	0.07903606446	0.08803546427	0.08724179672
	0.0812966298	0.08457470649	0.08194458977	0.08134633164	0.08532576585
	0.08597153186	0.08371448461	0.08212215528	0.08159729776	0.08229510294
	0.08366039915	0.08350835403	0.08300137349	0.08371170387	0.08333232391
	0.0834728134	0.08114950019	0.08239624983	0.08801414232	0.08767786374
	0.08782727836	0.08674227133	0.08710188468	0.0860883546	0.08289479953
	0.08433778222	0.0851364733	0.0827164218	0.08597853178	0.08189275922
	0.0798573056	0.0738957548	0.07601634662	0.07839964201	0.07756504446
	0.07567385095	0.07553248672	0.0768694034	0.07742060302	0.07478773378
	0.077806657	0.07776478532	0.07709320877	0.08760847554	0.08803899609
	0.08418914037	0.08008827207	0.08125268002	0.07816136568	0.07924467822
	0.08046689484	0.07960624243	0.08213576124	0.08848702374	0.08764396822
	0.08759817195	0.0876567255	0.0878874266	0.08683909541	0.08720283379
	0.08750986008	0.08386446556	0.08580751208	0.07188623752	0.08614140772
	0.08446758685	0.08764123751	0.08357429002	0.08461034059	0.08295233179
	0.08675123521	0.08630480111	0.08795123953	0.0881765518	0.08826992328
	0.08799622955	0.08611178922	0.08654261458	0.08607034218	0.08686264143
	0.08668116286	0.08689026397	0.08728759288	0.08729818838	0.07715261449
	0.08473708399	0.08374100247	0.07842988508	0.07890860827	0.08232665
	0.07895153972	0.08216572724	0.07909564059	0.07943063651	0.08029143921
	0.07108651848	0.07174700845	0.07597202235	0.07608457559	0.07671451461
	0.0790235128	0.07727357495	0.07466695352	0.07831110657	0.08251400406
	0.07862205474	0.07798781649	0.07722067715	0.07930052365	0.07928943102
	0.08027906757	0.08158985559	0.0802871198	0.08211827425	0.08661063192
	0.08647736635	0.07848479387	0.07908749207	0.07905806055	0.08077830907
	0.07643402437	0.07643705393	0.0805357265	0.07940171551	0.06776714388
	0.06987664003	0.07062883475	0.06942377717	0.06863826937	0.0726486684
	0.07371544547	0.07704608953	0.08033166688	0.07965911409	0.0764347634
	0.07385931438	0.07479127488	0.07173875881	0.07494388479	0.07720575653
	0.07895698088	0.07767055128	0.07549384246	0.07362378975	0.07577634142
	0.07419425036	0.07273320472	0.07642723117	0.07350092454	0.07504810943
	0.07694256646	0.07465279522	0.0771251642	0.07635239909	0.07512109697
	0.07544811132	0.07692777802	0.07143463992	0.07188478751	0.07632717661
	0.07691875578	0.07779364912	0.07556769341	0.07581815732	0.07506268327
	0.07613125087	0.07928488252	0.07798847565	0.07827745865	0.07842715168
	0.08042332889	0.07642558569	0.08031577306	0.08034118528	0.08122900464
	0.07495320919	0.0758081845	0.07723535304	0.07786157912	0.07436418264
	0.07755960448	0.07838460566	0.07837574411	0.0782815877	0.08134046023
	0.07708686973	0.07928302279	0.07896964872	0.07847415245	0.07978368173
	0.07957987299	0.08052800698	0.08038523906	0.0811922307	0.08310947223
	0.08574859605	0.08408799682	0.08249671405	0.08007393338	0.07864274406
	0.07594292027	0.07775526952	0.08023902993	0.08130305114	0.08154631635
	0.08085510889	0.08020131873	0.0803549532	0.08025949109	0.07876797377
	0.07879875148	0.07875949191	0.08211454003	0.08266135498	0.07777476613
	0.08118224646	0.07911850014	0.08238221426	0.08281155996	0.079548675
	0.08058614796	0.08085770616	0.08309808017	0.086047976	0.08144179231
	0.08166183077	0.08146764465	0.08030222603	0.08076669949	0.0824798412
	0.08300015785	0.07988382858	0.07878497693	0.07777088234	0.07888055102
	0.0810087023	0.08611943276	0.08729912898	0.084131483	0.08530705911
	0.08470336461	0.08527954316	0.08483113851	0.084767937	0.08445403681
	0.08466724972	0.08398018066	0.08383992741	0.08205579734	0.08395195851
	0.08178780759	0.08404875653	0.08490750598	0.08465862461	0.08639542255
	0.08231988696	0.08212457558	0.07980543995	0.08454314224	0.08357342997
	0.08318893373	0.08073349587	0.07269062257	0.08300407826	0.07982981051
	0.08149028052	0.08210640857	0.08293347185	0.0836933435	0.0828144514
	0.08316857463	0.08102794149	0.08008352786	0.08060675958	0.0811125488
	0.08243004348	0.08310419479	0.08578078143	0.08006195654	0.07997719694
	0.08270844732	0.0843342665	0.08571428658	0.08734296852	0.0811239322
	0.08674316537	0.08772378611	0.08782042928	0.08527969799	0.07643315638
	0.08374117182	0.08470785789	0.08323176512	0.08364251624	0.08454285764
	0.08361060124	0.08519885316	0.08835052886	0.07933156935	0.07831649526
	0.0677521709	0.06867529729	0.07277269322	0.07192680894	0.07240304857
	0.07129489941	0.06987961536	0.07258953774	0.06989666907	0.0682674228
	0.07494357273	0.07415204734	0.07857820293	0.07371271296	0.07360316826
	0.07451991974	0.06909025804	0.07266433354	0.08194765409	0.08097231898
	0.08838357026	0.08176445317	0.07132876843	0.07540871799	0.07670263717
	0.07577092062	0.0752302644	0.07618288882	0.07803495239	0.07466580445
	0.07628436223	0.07532828212	0.07518964475	0.07553136969	0.07361979822
	0.08007912758	0.07496920854	0.07424510897	0.07764112932	0.07648288045
	0.07849706165	0.08398964	0.07605239573	0.07547603195	0.07912388726
	0.08115877958	0.08365838497	0.07738988214	0.07999603105	0.07817949674
	0.07520952738	0.07550309718	0.0857118646	0.07823385264	0.07774134599
	0.07747582258	0.07579286134	0.07768514974	0.07603728269	0.08094039824
	0.07580532274	0.07793803533	0.07891676043	0.08033827247	0.07945235633
	0.07843494761	0.08021036611	0.07878548937	0.08229044327	0.08359442755
	0.08488782371	0.0836777947	0.08275265333	0.08661537502	0.08574080447
	0.08545855688	0.08628023509	0.08502572379	0.08681850508	0.08293777494
	0.07784978568	0.08163425664	0.08177178598	0.07800967282	0.07855024707
	0.07643507059	0.07870170655	0.08024125982	0.07889218573	0.08066986148
	0.08166360661	0.08111516398	0.07932592827	0.08820423918	0.08711016065
	0.08706990576	0.07380709771	0.06831723856	0.08709096859	0.0829795555
	0.0851980309	0.08284603684	0.08111398167	0.08111670364	0.08581771919
	0.0859561896	0.08496227316	0.08314871299	0.0884040926	0.08311867302
	0.08853502626	0.08767370264	0.08443978412	0.08520829295	0.08228807749
	0.08274211342	0.08367546554	0.08832364707	0.08858300475	0.08743058208
	0.08764288458	0.08808675346	0.08848923089	0.08848624182	0.08835506012
	0.08749016042	0.08671074498	0.08840699265	0.0873989865	0.08498385874
	0.07619135419	0.08144790707	0.08079832766	0.08652218296	0.08677505097
	0.08720621221	0.08735420968	0.088011859	0.076845931	0.08727265331
	0.08466610327	0.08497818258	0.08551018445	0.0871540166	0.08621074548
	0.08579333462	0.08588570282	0.07377788997	0.0763487158	0.08630640609
	0.08669863576	0.08682519715	0.08786684502	0.08349004545	0.0851236529
	0.08149532111	0.08825214694	0.08328628738	0.08199147924	0.07628210085
	0.07687080275	0.08452052891	0.08536192828	0.08355689767	0.0827206929
	0.08779132154	0.08776264737	0.06746450131	0.08327049524	0.08429165977
	0.074601878	0.08239401867	0.08657177349	0.0764279324	0.07764029977
	0.0716686441	0.08680361829	0.07712919255	0.08519797498	0.07081183341
	0.08760756676	0.08701298647	0.08437525886	0.06973843702	0.08247097144
	0.07695426573	0.08653578538	0.08846578882	0.08690993859	0.08452493069
	0.083158102	0.07058625437	0.08637489757	0.08208568384	0.0853135749
	0.08092564314	0.08259319596	0.08319942088	0.07657816528	0.07710503589
	0.08134411866	0.0840176174	0.0874552006	0.08334338435	0.08156422699
	0.08672418509	0.08543282719	0.08339323323	0.08298159133	0.0861431849
	0.08858278704	0.08193184777	0.07622115815	0.08748763088	0.0767001343
	0.08701384543	0.07724514106	0.08742886405	0.08753932219	0.08790933083
	0.08710776555	0.07695856196	0.0854342955	0.08315867932	0.08236288582
	0.08334439709	0.07563619715	0.08273770237	0.07942887843	0.07834076213
	0.08519357408	0.07232573702	0.08778145536	0.07598837196	0.08774817716
	0.06979478833	0.08464855741	0.08475781155	0.08604815137	0.07892902308
	0.07629777405	0.07475673876	0.0858416773	0.08833641513	0.07866350432
	0.08462543506	0.08141945975	0.08381722109	0.07779670223	0.08494153266
	0.08794621543	0.08447124954	0.08289817111	0.07948206273	0.08613586635
	0.07526205423	0.0812047355	0.06812403915	0.07815887901	0.0858328682
	0.0855708394	0.08576434688	0.07617908598	0.08656488963	0.08505219861
	0.08613880886	0.07025962666	0.0841721765	0.08494878498	0.08276282955
	0.08676569467	0.07577705378	0.087071979	0.08058160471	0.08621609606
	0.07846243329	0.08524868634	0.0849112294	0.06752506224	0.07155958737
	0.07070916377	0.07929075988	0.07937185435	0.07249421578	0.07256355493
	0.07395095929	0.07402446014	0.07605502857	0.07118837679	0.07126292966
	0.07789455033	0.078639615	0.07313249924	0.07465075119	0.07051132775
	0.08555606771	0.07038925377	0.07587539012	0.08651925784	0.08227584043
	0.08292150379	0.07692506665	0.08227552364	0.06879845086	0.071559965
	0.07400871001	0.07574760421	0.07416136229	0.08858484518	0.0819931377
	0.07313764515	0.0734353624	0.07431413083	0.07482261553	0.07539460486
	0.07528109808	0.07388581155	0.07617773272	0.08043970689	0.07762397552
	0.08768970334	0.07707033063	0.0819129215	0.07983910731	0.08219035141
	0.08139546292	0.08853050074	0.06897736892	0.08080824922	0.07875302222
	0.06954773743	0.07916295479	0.07378177673	0.07323488952	0.08404507528
	0.07632992541	0.0746433444	0.07340118078	0.07660384569	0.07631756825
	0.07677138352	0.07541030803	0.08498853942	0.08428418297	0.07719974797
	0.08840937194	0.08823505241	0.0881671288	0.07071016808	0.0739901933
	0.086548876	0.07688574708	0.07729340752	0.07570795664	0.07412295847
	0.07452568474	0.07165633195	0.07506045802	0.07566463664	0.08742914162
	0.07852043392	0.08599120154	0.0856773241	0.07634642619	0.07682892556
	0.07221496342	0.08743091755	0.08836020774	0.06836854062	0.08423527429
	0.07538453769	0.08119619258	0.07648554366	0.07403773827	0.07458004888
	
