1550	
	-1.908136726e-05	-8.614862239e-06	-1.643785313e-05	4.148552637e-08	2.084028363e-06
	-8.222183857e-06	9.050650225e-06	-4.402282081e-06	-1.3940071e-05	-1.580029683e-06
	-1.358290905e-05	4.999729077e-06	1.755661799e-06	8.520699921e-06	1.136892368e-06
	2.17385208e-06	-2.593442836e-06	6.16069784e-06	4.478092863e-06	-3.79171923e-06
	1.343954013e-05	1.80597489e-05	3.780195953e-06	4.55115665e-06	4.545958605e-06
	-3.869068732e-06	2.045634315e-06	-1.030071591e-05	7.819597333e-07	3.620621173e-06
	6.566322478e-06	-3.888582081e-06	1.079872604e-05	7.107772967e-07	-1.723797213e-06
	3.322809227e-06	2.593340515e-06	-6.822193704e-07	-1.88520769e-05	1.349269194e-05
	4.272686197e-06	3.080524208e-06	1.827203667e-06	5.251132915e-06	4.410144942e-06
	1.289871246e-05	3.617751031e-06	-2.363193623e-06	4.308317359e-06	3.956018055e-06
	3.748612464e-06	4.524963638e-06	2.886882339e-06	1.113959049e-05	4.392141242e-06
	3.528002835e-06	1.432626093e-06	4.121979258e-06	2.260702374e-06	3.826814688e-07
	2.860575754e-06	-1.519802882e-05	-1.031613908e-05	5.573197684e-07	6.023661687e-06
	1.36021675e-05	6.559620766e-06	-1.416468445e-05	2.314995124e-06	6.190295889e-06
	1.92648487e-07	-2.269567457e-06	-3.939004257e-06	4.21980059e-06	4.71023352e-06
	6.970007688e-06	9.01522702e-06	-6.819774957e-06	-1.836222486e-06	-1.779723958e-05
	-4.258949775e-06	1.752426457e-06	2.367503505e-06	4.309374815e-06	2.925587034e-06
	-2.816407925e-06	3.136368282e-06	4.042340435e-06	3.064694474e-06	-2.538627956e-07
	5.325240791e-06	-1.636258693e-05	-6.009012871e-06	-1.739591504e-05	3.481142103e-06
	-9.154605996e-07	-1.992745348e-05	-1.895325953e-05	5.42789161e-06	6.516914155e-06
	-7.614287315e-06	4.91958101e-06	7.01754332e-06	-4.290335279e-06	4.650326985e-06
	-4.685728909e-06	6.069683281e-06	3.148177319e-06	-8.177167486e-06	3.205680428e-06
	-5.446379658e-06	-8.073297867e-06	2.900093177e-06	4.009182686e-06	-8.426814508e-06
	-1.624332248e-05	-3.411571103e-06	-1.556184309e-05	1.319993008e-05	8.350412995e-06
	-1.995706618e-05	1.550291567e-06	3.558969475e-06	-9.473884618e-06	1.727455874e-06
	3.009441233e-06	-2.21519117e-06	-7.718330468e-06	3.874860479e-06	1.490033148e-06
	-6.704469377e-06	-1.305890456e-05	-5.479683549e-06	-1.205314701e-05	-9.803697501e-06
	-4.549190507e-06	-7.113072729e-06	-9.27012205e-06	-4.405050318e-06	-1.877139762e-06
	-8.407256287e-06	4.416469063e-06	6.055323982e-06	5.189876933e-06	2.309414937e-09
	-9.977060451e-06	-7.045450999e-07	-1.185414315e-06	-1.544938558e-07	4.287186476e-06
	-7.546363664e-06	-1.10180332e-05	1.106142484e-06	-6.826924186e-06	1.461019577e-05
	1.487933497e-05	-1.398309274e-06	-9.41100641e-06	4.546103657e-07	5.177712414e-06
	3.590622839e-06	-1.214713522e-05	1.643588472e-05	-1.208530419e-05	4.369184635e-06
	-8.191518441e-06	1.974069766e-06	-3.886729912e-06	-2.164146045e-06	3.959309035e-06
	-3.465571813e-06	-7.825281703e-06	-1.387486894e-06	-1.074859959e-05	-1.092580878e-05
	-7.069952733e-06	-7.915815635e-06	-9.510336275e-06	-1.319585768e-05	8.317390566e-06
	4.307399401e-06	-4.165217314e-06	-5.057228021e-06	-7.476204565e-06	8.046832842e-06
	2.681978856e-06	-8.002213294e-06	-1.972081728e-06	-7.618595505e-06	-5.640018047e-06
	-1.671682462e-05	6.570146066e-08	4.746384275e-06	-1.116029181e-06	4.611253407e-06
	-4.833360447e-06	4.758542523e-06	-5.226891365e-06	-5.295392654e-06	-9.623361287e-06
	2.103211168e-06	-3.51576054e-07	-5.88393787e-06	-5.260230327e-06	7.468171359e-06
	3.5833723e-06	-3.740668832e-06	-2.653465409e-06	1.344978772e-06	-8.525812296e-07
	1.867389368e-06	-1.078851012e-05	8.765003889e-06	7.484212041e-06	-6.025827276e-06
	4.550354239e-07	-1.061633161e-06	-4.495409535e-06	-8.291648783e-07	2.654875192e-06
	-5.041809777e-06	-9.159191533e-06	-7.788474215e-06	-3.638771665e-07	-1.631718604e-05
	1.288243771e-05	-4.850122427e-06	8.415819013e-06	6.520055549e-06	2.64151529e-06
	-1.485279639e-06	2.886945283e-06	-5.195975037e-06	1.051436073e-05	-3.777221959e-06
	1.388200622e-05	1.74688828e-06	1.105589595e-05	-5.413119348e-06	4.05085759e-07
	1.442379379e-05	8.736221003e-06	-1.266704843e-06	-8.345614561e-06	-5.778177133e-06
	-3.871413327e-06	1.719681231e-05	2.358578995e-06	-3.687960325e-06	2.14964808e-06
	-5.829480552e-06	-6.63556236e-06	1.430361841e-06	1.047635372e-05	3.276830882e-06
	-4.656092353e-06	-6.322836118e-06	-2.978313514e-06	8.849849635e-06	-4.07856955e-06
	2.581758271e-06	8.71185532e-06	1.125654307e-06	-6.078028678e-06	1.122305841e-05
	-1.142676232e-05	-5.873933127e-06	3.505992823e-06	7.913986748e-07	1.550764082e-05
	-5.599340198e-06	2.225057943e-05	-1.682172239e-06	-3.514650841e-06	7.442112511e-06
	-1.153594197e-05	-5.753209343e-06	3.549446604e-06	7.061251112e-06	9.905067194e-07
	-3.016881642e-06	-5.984239112e-07	1.77514907e-05	-4.234127458e-06	7.547178609e-07
	7.202789603e-06	3.858021802e-06	5.947393341e-06	1.165212408e-05	-9.571899092e-06
	7.825300762e-06	1.713620743e-05	5.320201997e-06	9.023546641e-06	3.944091264e-06
	1.494370165e-05	9.20951767e-07	1.310857179e-05	2.053168784e-06	-6.584512201e-06
	1.944605531e-05	-2.155958377e-06	5.840550823e-06	1.339007916e-05	-8.548784411e-07
	-3.636788524e-06	-4.809010064e-06	-1.671406355e-06	1.646394683e-05	1.219764728e-05
	1.772418308e-06	-1.892413164e-06	1.322213153e-05	-4.693554079e-07	-8.111930174e-06
	1.485835425e-05	7.177026692e-07	1.119291858e-05	2.072296823e-05	5.589146607e-06
	4.852783246e-06	-7.474563354e-07	1.162579844e-05	1.728567836e-05	-6.352027124e-06
	1.995414664e-05	2.18413256e-05	1.737418854e-05	-5.45190184e-06	2.825842158e-06
	-4.959559207e-07	1.207693952e-05	-5.2560319e-06	2.013720981e-05	-8.411589506e-06
	8.058120074e-06	3.608239787e-06	-3.721269116e-06	-6.091415692e-06	-4.265772538e-06
	1.20417564e-05	-9.392882998e-06	-8.713213984e-06	-9.962413159e-07	-8.367733875e-06
	1.859135162e-05	5.867792527e-06	-6.332278953e-06	1.684304584e-05	-1.002342347e-05
	-9.676430185e-06	2.256684111e-05	-8.031041827e-06	1.030260389e-05	-5.647214885e-06
	-7.184484339e-06	-6.367738624e-06	1.732803762e-05	1.76874992e-05	6.646194083e-06
	-9.675319702e-06	2.218224762e-05	1.861072139e-05	-7.565260504e-06	-1.645067285e-07
	9.449520503e-06	-4.393894868e-06	2.965166839e-06	2.135243132e-05	-7.292875546e-06
	-9.196752881e-06	-8.62779702e-06	4.94302864e-06	-1.056831456e-05	-4.746505631e-07
	-1.036102892e-05	1.197992478e-05	1.431323446e-06	-1.040293607e-05	3.094013559e-07
	1.179866913e-05	-6.36088597e-06	-8.040480577e-06	-1.18784342e-05	1.118166686e-06
	4.335126971e-06	-1.434519391e-05	9.04382052e-06	3.642419187e-06	1.155909272e-05
	-1.14425053e-05	8.061051045e-07	-5.215677536e-06	-5.984594815e-06	-8.013063311e-06
	4.261298711e-06	-4.764449288e-06	-1.073540968e-06	-1.493632562e-05	3.970264825e-06
	6.871673948e-06	-1.581234453e-05	-5.506588832e-06	-7.019578566e-06	-1.238712463e-05
	-2.709941807e-06	-1.619737421e-05	-1.556434311e-05	1.674643034e-06	-7.034232673e-06
	-1.159545199e-06	-1.316561088e-06	4.524383503e-07	4.049510315e-07	-1.661695423e-07
	-3.975591344e-06	5.531967445e-06	-3.126424947e-06	-2.851835557e-07	-4.862079304e-06
	-2.135660717e-06	8.27018095e-07	-3.838597673e-06	-1.601660226e-06	7.180310813e-06
	-9.647529028e-06	-9.821302338e-06	-8.237380682e-06	-4.934223349e-06	5.940385999e-07
	-2.770494095e-06	-6.470568342e-06	-4.286440367e-06	4.628464232e-06	-6.045360358e-06
	8.220882446e-06	6.059943572e-06	-4.661921333e-06	-1.682086708e-05	-5.417596865e-06
	-6.405431173e-06	-8.992216256e-06	2.178036358e-06	-1.85564447e-06	-1.552983061e-05
	-3.229290222e-06	4.279733641e-06	4.023748913e-06	-7.847902881e-06	7.005124076e-07
	1.573363326e-06	9.115356653e-06	5.212902942e-07	-1.713882471e-07	-1.150293357e-05
	-6.423954757e-06	1.537860438e-05	-2.923574562e-08	6.722111694e-06	2.280732436e-05
	1.651607331e-05	2.339600722e-05	2.323185203e-05	1.073106903e-05	5.168451446e-06
	-5.773870624e-06	-6.926075826e-06	-9.67430845e-06	-1.316225883e-05	-7.046271976e-06
	-8.150517947e-06	-3.655359431e-06	2.073253941e-07	-3.059918638e-06	-8.521383234e-06
	-1.176286376e-05	-6.949028628e-06	-4.351222943e-06	-1.393083007e-05	-1.412003424e-05
	-1.391713662e-05	-8.471025169e-06	-6.784206724e-06	-6.300620968e-06	-5.506844381e-06
	-6.13097488e-06	-4.779180049e-06	4.288673932e-06	9.004075179e-06	8.368222903e-06
	5.888644909e-06	-1.342771704e-05	1.235479629e-05	-1.009840965e-05	-1.007078854e-05
	-9.887558389e-06	-4.515166305e-06	-2.999835815e-06	-1.591422688e-05	-1.579284284e-05
	-1.535858176e-05	-3.350064805e-06	-1.517599017e-06	3.803938429e-06	-9.571363989e-07
	-1.082233087e-05	2.99961593e-06	3.714928506e-06	1.443410443e-06	-1.056037272e-05
	-1.467604566e-05	-1.362415896e-05	-3.356109086e-06	-1.027770019e-05	3.410465951e-06
	-5.219294291e-06	-4.93059716e-06	4.125165442e-06	1.172392441e-05	5.277055516e-06
	5.596258544e-06	-5.265814396e-06	-4.960352661e-06	-3.116295238e-06	-2.458244394e-06
	-1.75994825e-06	5.560401626e-06	-8.250518609e-06	-6.545747898e-06	-4.753397857e-06
	-2.836366588e-06	-6.886347203e-07	3.474552453e-06	1.446122963e-05	-3.691431349e-06
	-7.676739633e-06	-9.195436399e-06	-6.443433805e-06	1.857696048e-06	-3.596398894e-06
	-2.100581013e-06	1.811360838e-06	-5.932011913e-06	1.494518614e-06	3.12017215e-06
	3.621481125e-06	2.126087798e-06	-1.52347291e-05	-1.952061935e-05	-1.520309493e-05
	5.582728157e-07	-1.570486659e-05	-1.324195319e-05	-1.054356464e-05	-1.094933679e-05
	-1.062455767e-05	-1.0395971e-06	-1.198039456e-05	2.199754047e-06	1.265644839e-05
	-6.380957923e-06	8.25048837e-06	6.404296201e-06	1.25469852e-05	6.636912413e-06
	8.260823771e-06	1.195842387e-05	-8.762647e-06	1.054168185e-05	8.523195949e-06
	-4.908188272e-06	-6.869754044e-06	1.876765007e-06	4.054901299e-06	1.128651282e-06
	5.522253536e-06	1.607040117e-05	9.318154069e-07	-1.308711868e-07	-1.434228826e-06
	4.499467053e-06	-1.21354834e-05	6.341589465e-06	-2.101443827e-06	-3.830498086e-06
	-7.593206283e-06	-7.213350939e-06	-1.561975003e-06	9.659308329e-07	2.674829316e-06
	4.279447476e-06	-1.160637628e-06	3.908346782e-06	4.8365253e-06	-3.97671898e-06
	-7.40531222e-06	-6.224106738e-06	-5.563147127e-06	-8.182995321e-06	-2.189300107e-06
	-1.090177765e-05	-5.949286646e-06	-8.745835336e-06	-3.750938e-06	-5.624548956e-06
	4.142295332e-06	4.975384326e-06	5.306881517e-06	7.482439999e-06	1.25742679e-05
	-9.123916878e-07	1.402953404e-05	1.542992954e-05	1.277026345e-05	-1.04982493e-05
	-1.389274541e-06	1.804867788e-06	5.297563679e-06	-5.18020687e-06	-4.322364827e-06
	-7.50782488e-06	-1.295065193e-05	-1.485719102e-05	6.254552255e-06	1.139142179e-05
	1.004724993e-05	-3.734678545e-06	-7.852033419e-06	-6.037463519e-06	-3.815313902e-06
	-1.470292935e-05	-4.267838446e-06	8.223454207e-06	-3.515312881e-06	2.871765882e-06
	-1.255873693e-05	-1.179677449e-05	1.37512183e-06	-1.128425469e-05	1.31393577e-07
	-5.466005884e-07	-5.106752835e-06	8.203016075e-08	-1.337381675e-05	1.938315565e-05
	1.469629569e-05	2.089152311e-05	1.725054417e-05	1.937568179e-05	2.065983069e-05
	-7.966077295e-06	-6.990685895e-07	-1.064151859e-05	-1.215009533e-07	4.697486015e-06
	4.475320154e-07	1.734362368e-05	-5.864481253e-08	-3.794482425e-06	-2.933988451e-06
	-1.297732457e-06	1.539414979e-05	-2.277728029e-06	-4.288711244e-06	-5.485489267e-06
	8.597587942e-06	2.450292706e-06	8.20255229e-06	-6.438187878e-06	-5.618115177e-06
	-4.260763561e-06	1.566690801e-05	5.900886984e-06	2.757135785e-06	4.351871347e-06
	-1.433344966e-05	1.525240584e-05	-1.763980013e-06	-2.030611678e-06	-9.9460552e-06
	-3.799728666e-06	-1.459479771e-05	-1.413804691e-05	6.475595534e-06	-7.148330359e-08
	2.004376322e-08	-5.565260817e-06	2.441155698e-06	8.197679389e-07	3.953420695e-06
	3.10972775e-06	-1.573850262e-05	1.302021261e-06	4.796086214e-06	2.55029571e-06
	1.078237401e-05	9.724050759e-06	1.741350182e-05	1.597854634e-05	1.243311676e-05
	9.643833026e-06	6.226320504e-06	4.867270962e-06	2.180534318e-06	-1.387058266e-06
	-3.299042784e-06	-4.01026857e-06	-4.192297484e-06	5.010329003e-06	9.46164096e-06
	-4.638395113e-06	-5.307785325e-06	1.213655822e-05	1.437151136e-05	1.821083619e-05
	-5.548424744e-06	8.799989922e-06	6.749469552e-06	1.439453824e-05	6.458098746e-07
	-5.715153861e-06	8.019182637e-06	1.033290678e-05	-1.388421735e-05	4.405562984e-06
	-1.62735778e-06	1.873821078e-06	2.97673394e-06	-1.013516299e-05	-5.429077265e-06
	8.931096887e-07	-3.246787349e-06	-3.179426265e-06	-9.219424397e-06	-7.220339026e-06
	-1.010133056e-05	-6.042050281e-06	-1.102968712e-05	-1.08647149e-05	5.06345915e-06
	1.006095832e-06	-1.700745548e-05	-1.670575011e-05	-7.493158576e-06	-4.030107517e-06
	-5.525700822e-06	9.687812938e-07	-5.907398801e-06	-2.387386507e-06	-2.600843898e-07
	-1.047350771e-05	2.83293921e-06	7.09328724e-06	-7.129512583e-06	-8.791646114e-06
	-4.472700203e-06	-7.463679393e-06	-7.910991697e-06	-6.422116638e-06	-6.320936761e-06
	-5.08030707e-06	-9.583471773e-06	-9.294647335e-06	1.669151744e-06	3.653127064e-06
	-7.761644881e-06	-6.047444224e-06	-5.158429986e-06	-6.052762313e-06	5.079433372e-06
	4.967505658e-06	-5.753846261e-06	-5.50815518e-06	1.97363851e-06	8.413510883e-06
	5.102380346e-06	6.923120235e-06	1.491686327e-05	1.826070883e-05	-1.724347448e-05
	1.890929286e-05	1.552856045e-05	1.234707479e-05	7.391554818e-06	8.147225124e-06
	1.2287608e-05	1.710776783e-05	-9.600462322e-06	-4.894665878e-06	2.917108634e-06
	-2.737434243e-06	-5.423257445e-07	-3.464420224e-06	-7.653834221e-06	-2.478688913e-06
	-5.651103894e-06	-6.540780266e-07	-3.657178901e-06	-3.583374177e-06	3.953738802e-06
	4.917514287e-06	-7.225492429e-07	7.0967481e-07	-1.025872532e-05	-9.239942929e-06
	-9.743462278e-06	-9.682026155e-06	-3.279294395e-06	-6.359282896e-06	-9.604196516e-06
	-1.025216073e-05	-1.026898771e-05	-6.758590006e-06	-7.918081385e-06	-9.064333873e-06
	-8.283502481e-06	-3.639881564e-06	-6.12033296e-06	5.073835266e-06	-1.181175462e-06
	-2.439320289e-06	1.599234136e-06	-4.534837494e-06	-1.019045253e-05	-1.080134995e-05
	-7.017806591e-06	-1.793090996e-05	-3.391496188e-07	-5.149497027e-06	-1.193757994e-05
	-7.53234997e-06	-1.007196538e-05	-3.061912572e-06	-3.564809127e-06	5.182433591e-06
	1.214519939e-06	6.03790506e-06	1.351981252e-08	4.223979246e-06	4.551313018e-06
	4.647424615e-06	-2.496913446e-06	-8.196148111e-06	5.066650764e-06	2.861096238e-06
	-9.1418192e-07	4.246188161e-06	4.838698565e-06	2.273160945e-06	4.44720099e-06
	2.204122565e-06	6.5398968e-06	2.926906239e-06	6.70873435e-06	1.331572558e-06
	5.838193814e-06	1.082731797e-08	1.043489097e-05	9.302761016e-06	7.266673648e-06
	4.036650385e-06	-5.558951735e-06	-4.42511181e-06	-1.015898826e-05	4.62493724e-08
	-7.143557067e-06	-1.16386378e-06	1.192333931e-06	2.656647619e-06	4.203017741e-06
	-5.551477234e-06	-5.453232035e-06	6.368222969e-06	-5.206231185e-06	-3.567211756e-06
	7.177632567e-06	2.844604083e-06	5.218760546e-06	5.446659126e-06	-1.588901969e-06
	-2.350030687e-06	1.085201684e-06	4.427779205e-06	4.698076491e-06	5.776637136e-06
	6.062312623e-06	6.328592897e-06	6.416391053e-06	3.715292663e-06	9.115728769e-07
	2.28795952e-06	4.209369609e-06	3.651080924e-06	-5.680266658e-06	-5.554948528e-06
	-4.730566241e-06	-5.146451486e-06	-4.742762121e-06	-4.378775035e-07	2.679203046e-06
	-7.30220592e-06	-8.011907508e-06	-5.696165261e-06	5.866843475e-06	2.651437324e-07
	5.659797949e-06	1.25898851e-05	-6.093917384e-06	7.665489938e-06	9.041527718e-06
	1.219936856e-05	1.2793508e-05	1.037499448e-05	8.647081154e-06	1.121814232e-05
	-1.040654172e-06	-9.3320725e-08	-2.482057625e-06	-6.082377001e-06	-4.648480395e-06
	7.773389019e-06	-1.162161183e-06	6.048567914e-06	-6.492588807e-06	-2.474470392e-06
	-6.137856932e-06	-6.351470289e-06	3.768070331e-06	-3.134339381e-06	9.935752636e-06
	1.247925053e-05	1.159357425e-05	9.308494162e-06	1.075672332e-05	1.262049313e-05
	1.233753716e-05	-1.034693515e-05	1.756416785e-05	7.815382551e-07	9.943531389e-06
	4.624944602e-06	2.330512783e-06	-2.432877786e-06	3.577975459e-07	-2.140793139e-06
	2.362920799e-06	-2.12269735e-06	5.724811359e-06	5.955726351e-06	2.824357712e-06
	2.544627729e-06	3.361139542e-06	6.764081561e-06	1.176551902e-07	-5.339793724e-06
	-3.966944674e-06	-1.186875346e-06	5.255863767e-07	-2.719201346e-06	-1.154599805e-05
	-5.539907684e-06	-1.023626292e-05	-4.357959389e-06	-5.253671772e-06	1.091378489e-06
	-5.362457308e-06	-4.16453978e-06	-5.555494155e-06	-6.081139059e-06	-7.279574385e-06
	3.98782964e-06	5.498676417e-06	2.080408633e-06	1.157213544e-05	9.314900895e-06
	-5.477539663e-06	8.862040298e-07	1.443587898e-05	-5.791299945e-06	-3.655928854e-06
	5.74589086e-06	6.224689969e-06	6.740002529e-06	5.318072804e-06	4.597773218e-06
	5.48027659e-06	-8.652188615e-06	4.760142224e-06	6.615660462e-06	-2.143888138e-06
	-7.229710086e-07	1.009627812e-06	3.393389914e-06	2.695368072e-06	4.580174986e-06
	-4.784365596e-06	-5.827840193e-07	6.389868089e-06	5.336208889e-06	-1.595496214e-05
	-1.105858835e-05	-6.789761066e-06	-7.987950077e-06	-1.184650832e-05	-7.069594716e-06
	-2.760966082e-06	-6.129752556e-06	4.250722394e-06	3.023801725e-06	-9.218092828e-07
	-4.922122534e-06	-5.665595822e-06	-4.869746127e-06	-6.740330212e-07	-1.60418319e-06
	1.777403938e-06	-1.026889178e-06	-4.83167228e-06	6.886198274e-06	2.865385776e-06
	4.124284979e-06	9.817784324e-06	5.939107258e-06	-1.005330042e-06	-7.347478704e-06
	9.354029657e-06	1.37662744e-05	9.85347925e-06	8.460014301e-06	9.60829404e-06
	7.278386545e-06	3.718864887e-06	-1.797095141e-05	-1.430880335e-05	-4.264620504e-06
	-1.388642671e-06	-6.550084354e-07	-6.85831172e-06	1.061989995e-05	-8.07258693e-06
	8.406286172e-07	3.509918144e-06	1.992533147e-06	8.920474841e-07	7.143664264e-06
	5.125912387e-06	-4.38069477e-06	3.916703606e-06	6.579100822e-06	4.922220561e-06
	1.419127682e-05	-5.373002391e-06	9.627374004e-06	8.704085891e-06	1.484465579e-05
	8.229043313e-06	6.993951257e-06	5.688765677e-06	2.487557286e-06	7.119964362e-06
	-2.301674309e-06	4.961475811e-06	5.930959051e-06	-2.988016397e-06	5.697249565e-06
	5.533980748e-06	5.022676818e-06	6.59988076e-06	6.911838883e-06	5.360805343e-06
	1.356011849e-06	4.409338302e-06	6.223020312e-06	5.262022177e-06	3.208506421e-06
	-3.618877573e-06	-6.333099442e-06	-7.481454808e-06	-9.080497065e-06	-1.02961974e-05
	-5.459814577e-06	-8.191626171e-06	-8.62957178e-06	8.418404819e-07	-4.396019553e-06
	-3.205747337e-06	-2.017628708e-06	-1.017048227e-05	-1.078781825e-05	-1.951771151e-06
	-9.165795958e-06	6.184088593e-06	3.201632701e-06	4.963438979e-06	-4.978468394e-06
	1.560026682e-06	-1.987713428e-06	-2.321664996e-06	-7.624562722e-06	4.265917653e-06
	4.091142996e-06	4.244067093e-06	3.920874307e-06	4.049104522e-06	3.516674754e-06
	1.83592094e-06	5.765321905e-06	7.20325174e-06	-8.416616752e-06	3.160150347e-06
	1.973264473e-06	-8.506901005e-06	-6.384116196e-06	1.04047475e-06	-9.19583372e-06
	-8.474238392e-06	-7.433057724e-06	-6.149088017e-06	-3.745183811e-06	-6.944098633e-06
	-4.809737121e-06	-4.783500318e-06	-7.527215502e-06	-2.104690428e-07	-2.984062425e-06
	-6.2273015e-06	-7.120021423e-06	-6.127360962e-06	-3.496443553e-06	1.294709428e-05
	-8.927254921e-06	-7.720565926e-06	1.746962534e-07	-1.812295504e-06	3.767744256e-08
	-5.789275169e-07	-9.290978192e-06	-8.354811394e-07	-5.98848862e-06	-3.787227944e-06
	-1.125973076e-07	1.764969186e-06	-1.116497844e-05	-1.042545472e-05	-1.0193551e-05
	-9.507620808e-06	-5.471134862e-06	-5.279101012e-06	-1.05447558e-06	-4.088382114e-06
	1.228080013e-07	-7.758440306e-06	1.248464111e-05	-4.429563264e-06	-3.486476334e-06
	1.467732743e-06	-8.710285983e-06	-9.212356918e-06	-6.613604795e-06	-2.416043547e-06
	-3.816286251e-06	-5.834041728e-06	-5.35437362e-06	-7.282461544e-06	4.555905198e-06
	-4.936624038e-06	-9.595805155e-06	1.16062585e-05	1.543370926e-05	1.66290397e-05
	8.967719825e-06	5.798536255e-06	-3.617809463e-06	4.823340659e-06	8.051392017e-06
	1.820924266e-05	1.074395997e-05	3.478326197e-06	2.809009293e-06	1.050769922e-05
	8.384946582e-06	1.56603664e-05	6.807715878e-06	1.145642145e-05	2.260919557e-05
	4.205917311e-06	1.713906343e-06	-5.521768672e-06	8.997306288e-06	7.644655573e-06
	7.17435227e-06	2.235876602e-05	-7.952343092e-06	5.014176628e-06	3.05038203e-06
	3.409693036e-06	2.131127022e-06	1.796461008e-05	-6.152217568e-06	-3.807575714e-06
	-9.698147114e-07	-2.043763404e-06	-4.764945523e-06	-4.931735123e-06	-8.152181267e-06
	-9.084835916e-06	-1.144507093e-05	5.776271563e-06	5.257878571e-06	-1.607385447e-05
	-7.739918242e-06	-1.025584392e-05	-5.15525668e-06	-7.739587717e-06	-1.115246213e-05
	-5.606129105e-06	1.294839546e-05	-1.55796209e-05	-1.764051678e-05	-5.905081451e-06
	-9.809119607e-06	-9.265011624e-06	-9.892826388e-07	4.786674227e-06	-3.225794207e-06
	7.671001623e-06	6.269402307e-06	1.435455764e-05	-3.386675742e-06	-8.04782577e-06
	-9.353665605e-06	-1.722038245e-05	-8.655900535e-06	1.145363021e-05	6.361526337e-06
	5.105293138e-06	-7.525387207e-06	-2.511786198e-06	2.215646149e-06	-1.459765635e-06
	-5.244441567e-06	3.708115715e-06	-3.416705378e-06	9.597870366e-06	9.732825785e-06
	1.337539025e-05	1.892384518e-05	1.599244151e-05	1.81309878e-05	1.99521001e-05
	1.898656242e-05	1.938599876e-05	2.046015722e-05	1.635467961e-05	1.36672152e-05
	5.080830714e-06	1.027847299e-05	1.179382004e-05	-7.176169542e-06	-4.17314743e-06
	4.018135969e-06	-3.495255316e-06	-2.779693707e-06	-7.711899189e-07	1.394971796e-06
	5.236244086e-06	-3.580500158e-06	-4.122051512e-06	6.028161681e-06	6.655911163e-06
	1.558662185e-05	-1.29553404e-05	-1.965260906e-05	1.27880936e-05	1.549112064e-05
	9.393328147e-06	-6.508415637e-08	1.162085678e-06	-2.067998679e-06	6.590371019e-06
	-8.330697827e-06	-1.01885287e-05	3.283619161e-06	-1.607024365e-06	-5.249858173e-06
	-1.356886074e-06	-6.081514454e-06	2.372903643e-06	8.137566154e-07	4.039750267e-06
	4.679641101e-06	4.3813337e-06	-6.92089296e-07	-1.599330893e-06	8.871122294e-06
	5.405934403e-06	-2.358995295e-06	-4.434024398e-06	-4.933321951e-06	-5.239590906e-06
	-4.537816193e-06	1.466170214e-05	1.013272203e-06	-5.156293225e-06	-9.514281373e-06
	7.660272037e-06	-8.322772822e-06	-7.523225047e-06	-7.309338825e-06	-7.383946773e-06
	-6.37206409e-06	-4.824005526e-06	-6.124480961e-07	-8.169875096e-07	-6.587891302e-06
	-2.910357778e-06	-4.838170633e-06	-2.371585347e-06	-6.91692197e-06	-8.267284326e-06
	-8.422740465e-06	-7.52648186e-06	1.039007678e-05	5.990747031e-06	-5.395985359e-06
	-7.143702515e-06	-6.28686102e-06	-4.926874694e-06	-5.734758979e-06	-8.950882768e-06
	-5.826110497e-06	-5.244013864e-06	3.568712729e-06	-3.4912661e-06	-1.58537362e-05
	1.466794021e-06	8.254235457e-06	1.064031327e-05	4.822480567e-06	5.091165927e-06
	1.193398418e-08	-4.710153297e-06	-1.957011996e-05	2.187539924e-06	1.876232986e-05
	-1.769347588e-05	4.574157497e-06	-2.612827744e-06	3.569028753e-06	8.254622411e-07
	-7.196159721e-06	1.113443509e-05	2.427248573e-07	-2.705441729e-06	-3.834791663e-06
	1.006121395e-05	4.160886944e-06	-1.059661419e-05	3.191961145e-06	3.874072895e-06
	-5.336232128e-06	-6.147871408e-06	6.114562004e-07	-6.613766932e-06	-1.054402486e-05
	-1.120500534e-05	-1.213638035e-05	-4.945856628e-06	4.319073977e-06	3.035076426e-06
	-5.117388978e-06	2.20723149e-06	5.889125313e-06	8.638843141e-06	-1.193216809e-05
	6.435758057e-06	3.328597098e-06	-2.124311798e-06	6.119666453e-06	5.912073551e-06
	-2.122253532e-06	8.729580652e-07	2.723296314e-06	6.717543527e-06	-3.311912141e-06
	-3.769267443e-06	9.960438691e-06	1.071358989e-05	-3.568581892e-06	-5.039313354e-07
	-1.916934996e-06	-3.364306924e-06	-3.367410497e-06	-3.577118954e-06	-4.66507325e-06
	-2.68373052e-06	-3.310960413e-06	1.062557002e-06	-4.557943416e-07	7.166614043e-06
	5.303290059e-06	-5.334932298e-06	6.128363812e-06	2.758259887e-06	3.802518871e-06
	3.038416107e-06	-1.658640375e-05	-3.219359263e-06	9.287311416e-06	4.044598003e-06
	-1.936316059e-05	2.961193061e-06	2.019461352e-06	-3.091474537e-08	5.141528504e-06
	-3.267819957e-06	1.27910466e-05	-1.169127921e-06	-5.278454902e-06	-3.992676311e-06
	-6.241839533e-07	4.219509511e-06	2.921081402e-06	4.381387537e-06	3.192223499e-06
	6.50057909e-06	5.86570452e-07	6.815803462e-06	6.315663256e-06	6.857506525e-07
	6.535019231e-06	-8.893047315e-06	-1.524621043e-05	-9.263517752e-08	1.511730758e-06
	1.789602116e-06	1.917635476e-06	3.391358876e-06	-2.918942231e-06	6.343604359e-07
	-1.013464978e-06	-1.78930177e-05	-1.172585079e-06	8.121297712e-07	-1.229540218e-06
	-7.143444206e-06	1.242983912e-05	1.019458325e-06	5.400786886e-06	-1.122658565e-06
	4.737285665e-06	-3.743868525e-06	2.092825569e-05	1.893219908e-05	-4.130173771e-06
	-2.287255658e-06	-5.498394354e-06	3.91116267e-06	-8.644893423e-06	-1.113424088e-05
	-1.359669252e-05	-1.567832947e-05	-1.498113865e-05	-1.747744746e-05	-1.89459233e-05
	-5.077394532e-07	2.085418214e-06	-1.493119534e-05	-1.079947966e-05	1.997110723e-05
	-1.219823182e-06	-1.964317187e-05	-5.50826676e-06	-2.700440381e-07	-8.990038185e-06
	-6.868766588e-06	7.134347959e-07	6.831728762e-06	-1.772285906e-05	-3.146525692e-06
	-6.484859334e-06	1.080566183e-05	-1.164328076e-05	-3.01283526e-06	-1.020211972e-05
	-1.482972257e-05	-1.345149419e-05	-1.123990624e-05	-9.47765201e-06	-7.238647001e-06
	-7.146715088e-06	-1.317815778e-05	-2.203893037e-06	-7.730581813e-06	-5.249848287e-06
	-3.135873047e-06	3.125974202e-06	-7.200204233e-06	5.182126568e-06	2.955825993e-06
	-4.151800671e-06	-3.118207781e-06	-1.961835267e-05	4.570352803e-06	4.260060059e-06
	5.544242036e-06	-5.485831747e-06	-1.437249894e-05	1.397627939e-05	1.346367803e-05
	3.217918411e-06	9.794516656e-06	1.185276023e-05	-1.423123313e-05	3.179666125e-06
	-1.366305323e-05	6.798855656e-06	2.031066788e-05	-9.232753959e-07	1.796889014e-06
	2.844636365e-06	3.425540799e-06	-2.145044884e-06	-3.451459419e-07	1.196180429e-05
	5.046343889e-06	-1.318924122e-05	5.381341362e-06	5.668776433e-06	-1.710491606e-05
	-1.593556199e-05	-1.070562799e-05	-1.785887146e-05	-1.611961271e-05	8.452365989e-06
	3.815686577e-06	-5.949550186e-06	-4.970752141e-07	-1.133445912e-06	3.110628899e-07
	-1.635150126e-05	-4.829229677e-06	-4.479819713e-06	-1.771232752e-05	5.30344029e-06
	-7.900510317e-06	5.372515705e-06	-1.401799648e-05	1.315001709e-05	-1.487144397e-05
	
