1550	
	0.000420641269	0.0003985237966	0.000239609634	0.0003734190394	0.0003387581922
	0.0002761164458	0.000332416243	0.0002484908954	0.0001464798417	0.0002630162198
	0.0001047314059	0.0002610599499	0.0002338192943	0.0001052836876	0.00019923061
	-0.0001481840952	0.0001346546072	0.0002359230074	0.0002025623316	5.369729351e-05
	0.000292573322	0.0001798487715	0.0002856984709	1.019717572e-05	7.76722463e-06
	3.302568707e-05	8.666697438e-05	4.155049771e-06	2.708903878e-05	8.242126639e-05
	0.0001126881214	-4.052530656e-05	0.0001808185216	-0.0001615550211	-0.0001757850778
	4.878801464e-05	-6.983997839e-06	-0.0001316497248	0.000222547689	0.0002151118555
	2.539326854e-05	-0.0001287388938	-0.000185211288	4.75335686e-05	-1.512327667e-05
	0.0001802607887	-0.000154406365	-0.0001777896561	-0.0002006604601	8.790808428e-07
	8.546171915e-05	-0.0001548195604	-0.000202940798	0.0001482906448	-0.0001000885881
	-0.0002139515094	-0.0002074063999	9.652963045e-05	4.925917381e-05	-6.282404355e-05
	8.778496465e-05	4.500231475e-05	-4.3724359e-05	-0.0001621606885	-0.0002121656107
	0.0001978106623	9.389055432e-05	4.099797411e-05	-0.0001831345845	-0.0002208839559
	6.100748971e-05	3.163803884e-05	3.200989567e-05	-0.0001367227342	6.307895015e-05
	7.623644061e-05	0.0001125933554	-4.273809212e-05	-2.208361314e-05	0.0001542177022
	1.701726652e-05	-9.781706221e-05	-0.0001194099231	-0.000160061211	0.0002615483854
	-0.0001441654483	0.0003618961637	0.000381350571	-0.0001223733416	-8.871741213e-05
	0.0002859259409	0.0001541830516	7.373262974e-06	0.0002856741493	-0.0001451869915
	-6.565762302e-05	0.0003651539309	0.0004540132971	-0.0002233370263	-0.0002093385137
	4.995772633e-06	-0.0002053950773	-0.0002198372334	-2.860144958e-05	-0.0001952384375
	4.685167561e-06	-0.0001930322781	-0.0001791535336	1.288410477e-05	4.762862963e-05
	-2.005654536e-05	-8.553057561e-05	-9.918392644e-05	-0.0001146869934	-7.27620062e-05
	9.896686235e-05	-0.0001493113141	0.0001883577532	0.0003106990832	0.0002491292387
	0.0003111030303	-2.34652969e-05	-4.397832781e-05	3.539541837e-06	-0.0001622136709
	-0.0001902996631	0.0003626945782	0.0001926175678	-0.0002020208669	9.155247098e-05
	-3.38682038e-05	0.000147546033	0.0002369548254	0.0002063414905	-1.955021737e-06
	-7.809411955e-05	-3.229242412e-05	-2.412162382e-05	-0.0001103137376	0.0003397632755
	-7.414467647e-06	8.211620912e-05	0.0003489810967	-0.0001667820973	6.534124193e-05
	5.774957386e-06	0.0004018723015	0.0002297157333	-3.100447363e-05	-0.000202579045
	-4.747344436e-05	3.863905053e-06	-9.528111721e-05	-6.99981296e-05	0.0002671836768
	0.0002550288719	-0.0001561334067	1.198341416e-05	0.0003512784875	0.0003403580824
	6.371531339e-05	-5.991407368e-06	-0.0003110349634	0.0001777223666	-0.0001965296996
	1.18742123e-05	-9.18889644e-05	-7.731361734e-06	-0.0001504110666	-0.0001162876151
	-3.22666195e-06	7.201311148e-05	-8.663823544e-05	-2.54890359e-05	4.742825659e-06
	-1.464475358e-05	-7.555357997e-05	1.80439541e-05	0.0004090464353	0.0003570505748
	0.0001011688308	0.0003866608528	3.452143773e-05	1.188389896e-05	0.0003136935528
	0.0003024593173	2.922896768e-05	-0.000149554702	2.5402911e-07	-5.2210892e-05
	0.0001492136689	0.0003223850832	0.0002522055472	-0.0001507920507	-0.0001564650877
	0.0003504872657	0.0001814092138	-8.447248864e-05	6.392863653e-06	-4.849718102e-05
	-9.762226615e-05	-0.0001777662754	-2.402076343e-05	-2.673603879e-05	0.0002678153407
	-2.881331229e-05	-0.0001247017307	-0.0001360060504	-0.0001145972562	-0.0001345423137
	-7.777229661e-05	-1.618992669e-05	-0.0001927338768	0.0003187673908	-0.0001002517124
	-0.0001626453368	6.863911258e-05	3.423237621e-05	0.0001205846273	-0.0002209964583
	-3.702198283e-05	-1.661039885e-05	-2.310981333e-05	-0.0001090831613	3.955133802e-05
	-0.0002865962884	-0.000101624044	0.0001881451826	9.388393518e-05	-1.953820627e-05
	0.0003146948033	-0.0001914353855	-8.950947483e-05	0.0002054359684	-0.0001164469366
	0.0002115549784	8.686493429e-05	-0.0002264974449	-7.9933777e-05	-4.791411007e-05
	0.000285477784	0.0001636866049	4.948335922e-05	-5.446658465e-05	-0.0001007442943
	-9.563136205e-05	-0.0003714744262	0.0002161859665	-8.197925041e-05	9.353826726e-05
	2.360792118e-05	-5.576174593e-05	5.780626189e-05	0.0001810332008	3.51017405e-05
	-0.0001082593209	-3.794813335e-05	5.413714309e-05	0.0001467361854	-5.283211543e-05
	3.487068445e-05	0.0001332158584	-0.0001850048962	-5.504524934e-05	0.0003340123198
	9.394886506e-05	-6.937667532e-05	0.0001067982389	3.761198706e-05	-0.0002865258411
	-6.21711199e-06	-0.0003871758673	-3.242745281e-05	5.505813298e-05	0.0001481790012
	-0.0001528735023	-4.119073722e-05	0.0003281122162	0.0001165288208	1.681686152e-05
	-2.317642609e-05	-0.0002045917324	-0.0003174168043	-0.0002474350922	8.627432348e-05
	0.000121740178	-0.0003241612628	0.0001114194408	0.0001468034934	3.486540725e-06
	0.0001174746113	0.0001828875252	4.08664553e-05	0.0001064427705	-8.234317616e-05
	0.0001612613338	0.0002660924731	-0.0003472597715	5.567028887e-05	-4.604753701e-05
	-0.0003428862558	5.222247462e-05	0.000109053833	0.0001414797525	3.218675601e-05
	2.133315014e-06	-2.351262749e-05	1.673318148e-05	0.0001835873459	0.0001671503373
	0.0002851222314	1.456156837e-05	-0.0002560432102	4.674273627e-05	0.0001959427056
	0.0001494914121	5.280272731e-05	0.0001601026856	-0.0003649438044	-0.0002592586413
	2.403548592e-05	7.225500371e-05	0.0003130848872	0.0001678502287	4.968097902e-06
	0.0001975510505	-0.0003895070737	-0.0003681010311	-7.409375543e-05	6.717362074e-05
	0.0002903263261	-0.0003295794993	1.072788382e-05	0.0002221937947	4.202030689e-07
	0.0001537332989	8.293772529e-05	-0.0001609057637	-3.857838781e-05	-4.281797486e-05
	0.0001935328686	-4.10702119e-06	-1.274920905e-05	-0.0002094533036	7.953391445e-06
	-0.0004309283395	0.0001700560326	-7.852688529e-05	0.0002173135981	-7.750233663e-06
	-1.066188123e-05	-0.0004375229646	-9.575026084e-06	0.0002024709301	0.0002086181284
	-3.388482785e-05	0.0001939135934	-0.0003969304587	0.0002267038938	-0.0003154287718
	-1.508896588e-05	-0.0004529512778	0.0002083856222	5.921241077e-06	7.465146465e-05
	-0.0003683957634	-0.0002218863108	9.592251729e-05	-0.0003727700655	-1.959542113e-05
	-2.316732782e-05	9.325478524e-06	0.000111185269	-1.728006274e-05	-0.0002854416349
	-8.500406301e-07	0.000221471566	0.0001995380167	-3.05314744e-05	0.0003525960269
	0.0002304844823	2.525475034e-05	-0.0002028003374	-0.0001226327247	0.0002207163575
	-5.344715172e-06	-0.00010075149	0.0001718228758	0.0001100801925	0.0001618232555
	6.401689657e-05	8.472207441e-05	0.0002104438955	-7.617942287e-05	-1.488124954e-05
	0.0002263880481	2.5069964e-05	0.0002186253563	0.0001435400986	0.0002231498722
	0.0001513377434	0.0001817509837	-9.579131134e-05	-8.798877623e-05	0.0001971899662
	2.576464906e-05	0.0001689791578	0.0001891552347	0.0001789185896	-1.271701307e-05
	6.831590195e-05	0.0002039645219	0.0001937086572	9.311029141e-05	-9.163048378e-05
	-0.0001532997478	-0.0001943019356	-0.0001191795123	-2.969062992e-05	0.000177673833
	0.0001228882945	-0.0001403730807	0.0001629571351	-0.0001411259188	-0.0002246015892
	-2.715866588e-07	0.0001474251407	0.0001601039494	9.386487817e-07	-0.0001660553723
	-0.0001418340342	9.743680102e-05	3.847320611e-05	-0.0001964260247	4.548733443e-05
	-0.0002060129085	-0.0002183792185	-0.0001120612699	0.0001232907582	-5.992630437e-05
	-4.787259991e-06	5.071089808e-05	-0.0001948637881	-0.0001555163195	7.892095974e-05
	-0.0001303972339	-0.0002171251746	-0.0002186270245	-7.13302184e-05	-0.0001883290433
	-0.0002013014884	-0.0002716093762	0.0002136994873	-0.0001907130291	-8.535326486e-05
	-0.0001241286933	-0.0003327200639	-0.0002174050918	-0.0002981225997	-0.0003982221842
	-0.0003753087245	-0.0004191261284	-0.0004101149369	-0.0003251353442	-0.0002797935003
	-4.823258169e-05	-0.0001481799282	-0.0001038595047	-1.633046451e-05	-4.925385968e-05
	-2.444983036e-05	-0.0001908238296	-0.0002331991316	-3.2749767e-05	1.490998807e-05
	-5.950377254e-05	5.640128797e-05	8.249816354e-05	2.596294719e-05	5.977188224e-05
	9.515156514e-05	1.06858465e-05	2.37119026e-05	-4.645980477e-05	-4.780670721e-05
	-5.36819359e-05	0.0002058432971	0.0003110388743	0.0001879645796	0.0001687979815
	0.0001909591083	0.0001251187154	-0.0002622571503	0.000172667124	-8.470442643e-06
	-1.426551465e-05	4.162722828e-05	5.427156362e-05	0.00031146131	0.0002619328455
	0.0002130811573	2.795299773e-06	-3.544422444e-05	-5.535489797e-05	6.608471253e-05
	-4.820391931e-06	2.979844367e-05	-7.876209596e-06	5.867396056e-05	4.266425448e-06
	0.0001677913335	0.0001185297955	4.627044938e-05	1.315204273e-05	-8.095491034e-05
	-5.107501338e-05	-4.781740928e-05	-0.0001807573469	0.000256542301	-0.0001990816705
	-0.000210388745	-3.881702334e-05	-2.138270945e-05	-0.0001378873119	-6.717983037e-05
	-1.897776341e-06	-0.0001706098506	-3.511051324e-05	-7.101733146e-05	-0.0001054919664
	-0.0001397301713	-0.0001712557721	-9.586920043e-05	0.0001723658066	4.904613923e-05
	4.969604274e-06	-1.244375777e-05	-2.647805899e-05	0.0003552996262	-0.0001274583138
	-0.0001517389736	-0.0002125565692	-0.0001220894688	-0.0002103946573	-0.0002151902925
	-0.000209849349	-0.000192561985	0.0003484088225	0.0003759748616	0.0002655930455
	0.0003338962809	0.0003109074123	0.0002292775679	0.0001926719228	0.0001043226628
	2.235068337e-05	0.0002158639838	6.907002471e-05	0.0003198736137	0.0002151080883
	9.772830889e-06	0.0001535207982	0.00013002759	0.0002374221078	0.0001085982187
	0.0001410107788	0.0001903947344	-2.461963047e-05	0.0001638626514	0.0001348372489
	-0.0001055164676	-6.665130842e-05	-9.285800997e-05	-0.0001758649861	-0.0001147307377
	8.66853599e-05	-0.000319664727	-0.0002023847512	-0.000186554437	-0.0001660534837
	-0.0001164195483	6.576775356e-05	0.000106202847	8.856482172e-05	3.328525784e-05
	-3.65440547e-06	-2.466469881e-05	-9.562686392e-05	2.350074022e-05	5.467119583e-05
	7.851954103e-05	-0.0001955629839	4.410841876e-05	7.502061443e-05	-5.625685913e-05
	1.455260475e-05	2.259236548e-05	2.69855249e-05	-4.074668586e-05	-0.000149908517
	9.025048187e-07	-4.698772698e-05	8.018380608e-06	-0.0001077258335	-6.958402572e-05
	2.622563688e-05	3.268360609e-05	6.344028696e-05	-0.0003386145595	-0.0003751729156
	-0.0002475800409	-0.0003167216139	-0.0003415443741	-0.0002958471305	-0.000124422583
	8.881716895e-05	0.0001130683679	0.0001409316961	-8.647083688e-05	-0.000193600649
	-0.0001514145001	-7.951917424e-05	2.035636066e-05	8.843520272e-05	-0.0002756143992
	-0.000257224903	-0.0001306047841	-6.931031929e-05	-0.000101160134	8.25484052e-05
	6.59813154e-05	0.0001381951905	-0.0002331485879	-0.0001299205843	-0.0001573934074
	0.0001587102011	0.0001789375945	-0.0001300255329	0.0001916852942	-9.942205657e-05
	-7.09549146e-05	0.000104490628	0.0001718537761	0.0001333934528	0.0001876374807
	0.0001838697388	0.0002062895284	0.0001736979806	0.000222840376	0.0002197918941
	0.0002063643296	-3.96303885e-05	0.0001997881264	-5.504277016e-06	2.711371147e-05
	3.406936953e-05	0.000215745182	3.597232404e-05	9.63496627e-07	-7.16181629e-06
	1.458207067e-05	0.0001682974495	5.480853953e-05	-6.360290285e-05	-5.204831065e-05
	0.0002872803853	-0.0002925186069	0.0001249621668	-2.558435376e-05	-1.616783808e-05
	-3.122817786e-05	0.0002001435045	0.000102146188	8.090124914e-05	-0.0001803660044
	-2.767998753e-05	-0.0004092611234	-0.0001110619472	7.237461932e-05	5.492594268e-06
	5.875462684e-05	0.0004439943565	0.0001026042386	0.0003002490399	-0.000164927892
	-0.0001712791372	3.010104019e-05	-0.0001680162301	-0.0001633597147	-0.0001147588554
	-0.0001979229121	0.0003570379293	-0.0001841290528	-0.0002092107897	9.845913002e-05
	-0.0003062758916	-0.0003079405235	-0.0003556592389	-0.000354439939	-0.0003038461364
	-0.0002880718803	-0.0002521274905	-0.0002488792621	-0.0002133412048	-0.0001649218089
	-0.0001416499008	-0.0001170412622	-0.0001129916652	-0.0002633541615	-0.0003247863527
	-9.623257885e-05	-9.67149081e-05	-0.00028885257	-0.0003117635051	-0.0003320545431
	-2.638584561e-05	-0.0002561665609	-0.0002461732259	-0.000286979958	-0.0002118392107
	-0.0001077195541	-0.000241691057	-0.0002362177081	-5.576917388e-05	-0.0002288122772
	-0.0001577202177	-0.000199918472	-0.0001707747983	9.954480659e-05	-7.022186407e-05
	-0.0002464573091	-0.0001761586417	-0.000158987317	-7.779962071e-05	-1.000166439e-05
	-3.052231656e-05	1.912133693e-05	1.571247005e-05	6.097027682e-05	-0.0001472692979
	-0.0001191738999	8.623883016e-05	4.272282358e-05	-8.668093708e-05	-0.0001295162957
	-0.0001107731001	-0.0001780770779	-7.162224658e-05	-0.00015078548	-0.0001754133324
	-1.97893234e-05	4.940039843e-05	0.0001127841027	2.265333022e-05	-9.527742222e-06
	-4.636595035e-06	-2.368571378e-06	-7.143867176e-05	-3.591440686e-05	-5.458308892e-05
	-2.326235249e-05	-5.030661077e-05	-6.567010158e-05	-1.410109929e-06	1.692336993e-05
	-1.34517517e-05	-2.839117942e-05	-7.663006873e-05	-4.233941277e-05	5.679639962e-05
	7.183036477e-05	-3.482603869e-05	-0.0001138369552	0.0001580352349	0.0002302711712
	0.0002016214525	0.0002185986035	0.0002248885544	0.0002262298288	0.0004214223069
	0.0001997663015	0.0002317007207	0.0002331827416	0.0002280975398	0.0002232800195
	0.0001883641264	0.0001927624999	0.0001352540892	-8.897019871e-05	1.921150885e-05
	-0.0001022177108	-6.248653965e-05	2.357711174e-05	-7.018056951e-06	2.936528541e-05
	7.234048934e-06	3.701818498e-05	-4.339295966e-05	-7.230122297e-05	8.291667448e-05
	8.508798609e-05	4.455456678e-05	5.534067128e-05	-2.21581818e-05	-1.474964331e-06
	-3.285517066e-05	-3.641089288e-05	5.044213177e-05	2.904690256e-05	-5.044064908e-05
	-3.343014117e-05	-8.348479741e-06	1.753451212e-05	1.20759123e-05	-9.724657221e-06
	-3.703581817e-05	1.379550429e-05	-3.049460594e-06	7.333683084e-05	1.599114498e-05
	-1.361569142e-05	4.55635995e-05	0.0003790725131	0.0003845799957	0.0003330560735
	0.0004234156849	0.0003366453721	0.0003081874874	0.000334598119	0.0002895408812
	0.0002884208129	0.0002456270787	0.0002781948586	0.000186986076	4.373141796e-05
	-1.261814909e-05	8.868798067e-05	2.94507305e-05	-7.686739682e-05	3.605305695e-05
	1.055340395e-05	0.0001095183473	9.166068551e-05	7.433261079e-05	-2.28076853e-05
	0.000144103125	3.826356153e-06	3.503595019e-05	0.0001617716856	0.0001403482639
	0.0001113445098	0.0001637223407	0.0002146898221	0.0002154515499	0.0002638751199
	0.0001185841105	0.0001882065841	0.0002856973638	0.0002343847967	0.0001341633431
	0.0003008629938	0.0001398822564	9.004557623e-05	0.0001498176022	9.851355544e-05
	3.695403899e-05	1.113805721e-05	-4.435446211e-05	-5.100400412e-05	-4.559217974e-05
	-6.338826685e-05	-6.3973599e-05	9.39217844e-05	-8.689282528e-05	-0.0001195030252
	-0.0002273608535	-0.0001557778312	-0.0001565740192	-0.0001715288538	-8.87511075e-05
	-0.0001028039241	-5.738598405e-05	-0.000110449134	-0.0001292013572	-0.0001812155246
	-0.0002156542642	-0.0002194174913	-0.0002114477396	-0.0001409908512	-3.355425074e-05
	-7.395059075e-05	-9.453915757e-05	-5.841211531e-05	-6.044927877e-05	-7.941674354e-05
	-0.0001070645228	-7.772598458e-05	-9.383996415e-05	-0.0001480049249	-4.839234673e-05
	-1.450144174e-05	-2.039022885e-05	4.456478359e-06	0.0001159351044	2.756180944e-05
	6.355434895e-05	0.0002758827809	-1.283030732e-05	0.00012568653	0.0001558953125
	0.0002129192711	0.0002074302046	0.0001690096757	0.0001397878164	0.0002477348107
	-6.5001062e-05	-0.0001388536547	-0.0001008422201	-1.115578367e-05	-3.443783124e-06
	0.0001384808413	0.0001101392065	0.0001846142811	0.0001299419367	0.0001451269422
	-3.034120408e-05	-8.467769085e-05	0.0001274974596	-5.696731998e-06	0.0001161868651
	0.0001316195713	0.0001264595801	0.000108890105	0.0001318247783	0.0001376110325
	0.0001318407855	-1.050845176e-05	0.0001829334327	0.0003054870054	0.0001348844642
	0.0001126721864	6.870413181e-05	5.596151648e-05	8.00905385e-05	5.67067334e-05
	8.193187884e-05	5.573412287e-05	8.879634184e-05	8.44965753e-05	6.220735864e-05
	6.322565808e-05	9.43431642e-05	0.0001116969743	7.319849402e-05	2.091656504e-05
	3.711663633e-05	5.584844004e-05	6.21850606e-05	3.664919232e-05	0.0001900773916
	3.490480012e-05	-1.298951582e-05	-0.0001186386023	-1.513493885e-05	8.874975555e-05
	-4.090627007e-05	3.135045137e-05	-8.647151673e-05	-8.592241304e-05	-6.277897637e-05
	0.0003435994284	0.0003260936032	-0.0002007709921	0.0001767541382	0.0001398207095
	-0.0001097799619	-0.0001965470547	0.0002229942465	-2.12503577e-05	1.191099012e-05
	0.0001054429787	0.0001089720431	0.0001043010513	-0.0002216970635	-0.0002032185506
	-0.0001969257685	1.685666551e-06	-0.0001725198034	-0.0002083335164	-0.0001331720779
	-0.000156050414	-0.0001216114083	-0.000176535819	-0.0001532901763	-0.0001458343455
	-6.015797635e-05	-0.0002042370771	-0.0002168779925	-0.0002184737861	0.0003857059537
	0.0003253618927	0.0003178052184	0.0003593754754	0.0003717202504	0.0002239773582
	0.0002083434921	-5.763743833e-05	-1.185702658e-05	-5.012953305e-05	8.200823701e-05
	0.0001805493364	0.0001132229964	0.0002824032478	0.0001681584768	-2.653466257e-06
	-6.094506249e-05	-7.877266207e-05	7.446611811e-05	0.0002686329042	0.0001646424503
	0.0002362532005	0.0003037381013	0.000166829166	0.0002316889353	5.453560568e-05
	0.0001754076842	0.0002416637091	0.0001719602575	0.0001873187675	0.0002297688662
	0.0002094356416	0.0001248546889	0.0001726192975	0.0001920526085	-1.364037242e-06
	3.539104192e-05	-4.54490609e-05	-7.594532699e-06	0.0002113569653	2.631657967e-05
	0.0001260335019	8.503778839e-06	4.284640046e-05	-1.761711215e-05	0.0001194280488
	5.762974699e-05	-6.420230015e-05	-0.0001240852408	-0.0002260731421	-0.000147397807
	0.0002105473716	-0.000116333788	0.0001587581812	0.0001476283776	0.0002420170553
	0.0001392995993	0.0001265526631	0.0001131003959	7.21313951e-05	-0.0002252893293
	-9.883615958e-05	-0.0002138646332	8.548427243e-05	-2.583007615e-05	6.729928881e-05
	6.280500931e-05	4.508636492e-05	-0.0002254314706	-0.0002215567384	-0.0001782917604
	-0.0001716848105	-0.0001791467226	-0.0001980853407	-0.0001970643728	8.76201752e-05
	-0.0001618516535	-2.013977625e-05	-7.79778991e-05	-1.021121343e-05	-3.662023834e-05
	2.358003487e-05	-7.206735797e-05	-6.211190811e-05	6.989400563e-05	-4.619294496e-05
	-6.779619483e-06	1.606881489e-05	-2.488228992e-05	-1.403303252e-05	-0.0001217687713
	-4.710537549e-05	0.0001120907803	-2.468645379e-05	-0.0001544429861	2.341861329e-06
	6.952241706e-05	5.006289043e-05	1.265382262e-05	-1.9004278e-05	-6.390405412e-05
	-2.042441607e-05	-4.131377878e-05	-3.537875152e-05	-7.360901165e-05	-4.986839143e-05
	-2.460420276e-05	8.231150608e-05	0.0001158388907	0.0002017365983	-0.0001796909234
	6.148069379e-05	-3.655216288e-06	2.713293609e-06	-7.279187344e-05	2.431438915e-07
	-3.945947597e-07	-1.248599064e-05	-1.295626083e-05	-2.923901168e-05	-2.440847963e-06
	-1.771278123e-05	-9.061190274e-07	6.979813719e-06	3.584886806e-05	-9.330674188e-06
	1.62186327e-06	3.131148308e-05	4.398371686e-05	6.025467171e-05	0.0001496082428
	7.459203741e-06	-6.536327092e-06	6.590839199e-05	-4.223620361e-05	-2.362257308e-05
	-2.154370365e-07	-4.655823716e-05	-0.0002307705892	1.740945938e-05	2.449154063e-05
	4.939277716e-05	2.385392322e-05	-8.764321248e-06	5.57229055e-06	1.808940491e-06
	7.059740719e-06	-3.882284845e-06	-1.852481695e-05	7.719873836e-05	1.997621304e-05
	2.304110473e-05	1.349219381e-05	0.0001539095324	6.35614258e-06	3.504553675e-05
	-1.446611019e-06	2.343649475e-05	5.045200803e-06	-3.304879467e-05	4.682855368e-05
	-9.587222788e-05	-6.00780029e-05	-8.045450401e-05	3.666933832e-05	1.64768802e-05
	4.354352743e-05	1.935536442e-05	0.0001776223062	0.0002009537095	0.0001938437818
	0.0001506338932	0.0001195648785	-2.631152825e-06	4.820720477e-05	0.0001362265623
	-0.0004170039464	-0.000370261415	-0.0002592070026	-0.000270027416	-0.0003034015788
	-0.0003128592129	-0.0003699502375	-0.0002821576528	-0.0003521069515	-0.0004227369123
	-0.0002290025115	-0.000223941502	8.956789307e-06	-0.0002725011592	-0.0002691278498
	-0.0002494488798	-0.0004063434547	-0.0001735708058	-0.0001436775113	0.0001387493257
	6.235244423e-05	0.0001052570169	-0.0003482941986	-0.0001196655762	-0.0001281322
	-0.0001770536252	-0.0001733394899	-0.0001213945142	-8.795335239e-05	-0.0001150905963
	-3.579747022e-05	-4.097859234e-05	-0.0002296892508	-0.0002179982538	-5.645894968e-05
	-7.77148762e-05	-7.603776703e-05	-0.0001604200931	4.10034483e-05	3.322124443e-05
	4.134972806e-05	0.0001800172526	0.0001143137207	9.636438018e-05	-9.223277905e-05
	-3.206283291e-05	-1.061542975e-05	-0.0001587973359	2.702385015e-05	-0.0001246461631
	-0.000204221629	-0.0002072408147	0.0001660824315	-9.668707261e-05	0.0001026852875
	0.0001264722389	0.0001253247545	0.0001553381333	0.0002043403033	0.0002058855931
	-0.0001222482393	0.0001797188682	0.0001995698217	0.0001579691564	0.0001399043478
	0.0001542616215	0.0002128084414	0.0001797591085	0.0001885552012	0.0001612371335
	0.0001685705664	0.0002292291986	0.0002322445322	0.0001753891211	0.0001975544741
	0.00019641878	0.0001866576824	0.0002109381533	0.0001637451249	0.0002085103193
	0.0001061696765	0.0002149190968	0.0002284770821	0.0001938103965	-7.103367921e-05
	-9.148125118e-07	0.0002089444164	4.23725788e-05	4.151189504e-05	0.000136082237
	0.0001574488923	3.339745514e-05	5.841780682e-05	8.32672752e-05	0.0001044251826
	0.0001556706	1.211227124e-05	0.0003404018684	0.0001418593716	0.0002227449103
	0.0001404761238	7.819175772e-05	0.0001153246258	6.053065087e-05	0.0001172278563
	2.137864496e-05	1.049682665e-05	-9.133892644e-05	1.686683352e-05	2.612516079e-05
	1.543764831e-05	-2.931670917e-05	-0.000134463558	-0.0001337143015	-8.342217718e-05
	-0.0001421074863	-0.0001636860748	3.298029933e-05	1.255541954e-05	0.0001131368695
	8.892111481e-05	2.56432051e-05	-2.921219619e-05	-5.007844955e-05	-5.99360418e-05
	-0.0001016644889	0.0001553141454	4.178761851e-05	1.933609266e-05	-1.596689821e-07
	8.505300841e-05	-4.228444061e-05	-5.230031483e-05	3.913137926e-06	-1.0297464e-05
	-5.363853988e-06	1.380462701e-05	3.809355346e-05	-0.0001778554863	-4.518303214e-05
	-4.484346454e-05	-3.769489455e-05	-7.480177554e-05	-2.425981461e-05	-1.010489888e-05
	-1.884452535e-05	-3.049572533e-05	0.0002726856563	5.192704815e-05	-6.40735134e-05
	-3.785361902e-05	-5.700158628e-05	-7.780695496e-06	-4.527857442e-06	-1.44226004e-05
	-2.310604656e-06	-8.148378265e-05	-0.0001078706957	3.721757882e-05	0.000177098791
	-5.864224889e-05	0.0001384177853	0.0001477619907	0.0001183059165	0.0001262640622
	5.544825687e-05	1.008083716e-05	0.0004114936082	-5.106296547e-05	0.0002127485086
	2.108106086e-05	-0.0001227942174	-0.0001153420563	-2.102455223e-05	1.596524501e-06
	-0.0001650885887	0.0001370470735	-0.0001492264617	-5.677787589e-05	0.0003252730525
	0.0001195727287	9.640160843e-05	6.408097756e-06	-0.000273424663	-7.488915701e-05
	-8.172127539e-05	3.33269787e-05	3.895675855e-05	1.732395334e-05	1.059121084e-05
	-3.803132488e-06	0.0002860458068	-6.315891398e-05	-9.348614502e-05	-0.0001960264135
	2.462405034e-06	0.0001036740098	0.0001334821808	0.0001247159932	0.000195576737
	-0.0002063090739	-0.0001384871036	4.755808995e-05	-0.0002092385992	-0.0001864990759
	-0.0001334556328	-0.0001419196262	-7.795877282e-05	-0.0002197537435	-8.385827848e-05
	-1.982512107e-05	0.000204964474	0.0001560491051	-0.0001309935501	-0.0001939152116
	-0.0001536302726	-0.0001312962208	-0.0001323085626	-0.0001314801353	-0.0001094274167
	-0.0001367199101	-5.204010951e-05	-0.0001516176747	-1.067973431e-05	-0.0002253683288
	-0.0001841907166	-0.0001350424137	-0.000198353946	7.51447507e-05	-0.0002186249389
	-0.0001908758798	0.0001160129976	1.932616061e-05	0.0001143101619	8.321054264e-05
	0.0002663959052	-0.0001593840842	-0.0001366238348	-0.0001513654397	6.93934693e-05
	-0.0001474743919	0.0002456836819	-0.0001203520655	-6.758005977e-05	0.0001911528083
	-7.28535948e-05	-2.309848191e-05	-0.0001173126052	9.777303078e-05	-0.0001834631828
	9.064314356e-05	-8.855155817e-05	-0.0002211924681	9.104177483e-05	-0.0001746101409
	-0.0001778576351	-5.682824891e-05	0.0004048932893	-4.044957271e-05	-0.0001821058629
	-0.0001766737114	-0.0001878862585	-8.643028335e-05	-0.0001151072376	-0.0001148780477
	-0.0001319036644	0.0002869218838	7.388327704e-05	8.8900312e-05	6.609069765e-05
	-2.81971005e-05	0.0001865766527	7.683782934e-05	-0.0001866237973	7.324423151e-05
	7.761999373e-05	6.014207833e-05	0.0002161096314	-0.0003871757827	-0.0001925832774
	-0.0002212152808	-3.133728574e-05	2.403949041e-05	-0.0001343227469	-0.000108422719
	-3.702822527e-05	-6.235282421e-06	0.0001229773325	0.0002337658927	0.0002100592977
	-1.936374235e-05	1.227130961e-05	0.0001083996823	-8.322204566e-06	-0.0003538564643
	7.574740594e-05	0.0002626005796	-0.0001109131889	-0.0001704684563	-2.691170178e-05
	7.36663589e-06	-0.0002091470883	-0.0002155262827	0.0003312451105	0.0002994412489
	0.0001535776166	0.00014117643	1.118834028e-05	-7.717725722e-06	-9.545403236e-06
	6.065575797e-05	6.660115348e-05	-2.64944073e-05	-3.7198466e-05	-8.231577977e-05
	-0.0001047468358	5.315608832e-05	-0.0001826859939	-1.738093246e-05	-7.460758327e-05
	3.187970078e-05	3.156896291e-05	1.736483685e-05	4.625091576e-05	-1.379037846e-06
	3.586594985e-05	-4.638208696e-06	0.0003085006043	2.83855249e-06	5.605350379e-05
	-0.00032932708	-5.521092572e-05	-7.042545466e-05	-0.0002908964474	0.0001791425823
	-5.696259962e-05	-0.0002331819339	0.0002851253227	0.0001659537241	-0.0001265677282
	0.0001824993493	-0.000159197327	0.0002116802644	-5.246584747e-05	5.07463203e-06
	5.668767309e-05	6.451333478e-05	1.878969473e-05	-0.0002735241751	-0.0002620562526
	0.0001067190674	0.0001925140976	0.0001303661147	-0.0001787098458	-1.76044517e-05
	-1.217099642e-05	0.0002436520286	5.978114585e-05	8.042839849e-05	0.0001140924731
	8.279931243e-05	4.273939634e-05	-0.0001207480296	-0.0001976183532	-0.0002053788883
	0.0001717791365	-9.847712415e-05	-2.497693148e-05	0.0003822862867	-0.0002122618274
	-6.56802493e-05	-0.0001703491897	0.0001537140368	0.0002647544709	8.855449103e-06
	
