1550	
	-1.39026646e-05	0.0001837173608	-0.0003798856989	0.000368987052	0.000366716418
	-7.5079068e-05	0.0006133608852	-2.407321761e-05	-0.0005529670542	9.734243926e-05
	-0.0006575522749	0.0003379391604	0.0001580197057	-8.376892059e-05	6.610286481e-05
	-0.0008946069263	-0.0002213940085	0.0003527428049	0.0002197962664	0.0001819421253
	0.0008013292394	-0.0003002895961	0.0003304464508	7.960533031e-05	-5.062060399e-05
	-0.0005396813077	-0.0001258553545	0.0006683862821	-0.0003431364295	-3.697978645e-05
	0.0002828022027	-0.0007747031019	0.0008290801196	-0.001045117048	-0.001232448913
	-0.0001270406661	-0.0003225125471	-0.0009807976011	-0.0004834007684	0.0009736568575
	-8.17644153e-05	-0.0007362612416	-0.001101286127	0.000181765049	-6.928942548e-05
	0.001150507335	-0.0008191776429	-0.001289073659	-0.001024304341	0.0001247516719
	0.0007162649547	-0.0007305692897	-0.00113481528	0.001212064169	-0.0004212439176
	-0.001159418117	-0.001251656434	0.0008340378057	0.0005246449134	-0.0006680824834
	0.0009321442144	-0.0009942366541	-0.001056989781	-0.001077929244	-0.0009387633126
	0.001095141543	0.001226863011	-0.0009014510377	-0.001080245753	-0.0009878235617
	0.001039215187	0.0006305761012	0.0007247881528	-0.0003608247804	0.001256467381
	0.001299838286	0.001264034576	0.000232602576	0.0002962975955	-0.0006822011229
	0.0005884055874	-0.0001053474648	-0.0001981337507	-0.0004112463896	0.0002548105666
	0.0004005928972	0.0004439543776	0.0004438668433	-0.0007216943763	-1.155420391e-05
	0.0003914864563	-0.001254651306	0.0005562516887	-0.000290981981	-0.0007984042218
	8.941050123e-05	-0.0002291695204	-1.360292991e-05	-0.001084427608	-0.0008404985388
	0.0009117422122	-0.0005268851732	-0.000798471987	1.542884823e-05	-0.0004947088093
	0.001055106526	-0.0007636752466	-0.0003881486	0.0007371802014	0.0004503587114
	0.001053972119	-0.00113129259	-0.0006307736231	-0.0005799806072	0.0007183825981
	-0.000790941241	-0.001183190709	-0.001321502394	0.0007561604445	0.0004822884468
	-0.0003519784719	0.001264747548	0.001304106213	0.00053375175	-0.00029551456
	-0.0004088463905	0.0002811143419	-0.000299335829	-0.0004683153085	-0.0001665648779
	0.0002460489372	-0.001159224118	-0.0001321376301	-0.0003946891	0.0007984494699
	6.388085973e-05	0.000983960806	0.0008741329043	-7.970742762e-05	0.0002446077882
	0.0003965692701	0.0006101383821	0.000521827738	-0.0005218418306	7.598989039e-05
	0.0004904053297	0.0003328067418	-4.191271125e-06	0.001222184462	-0.0004878093259
	0.0009404285727	0.000583975392	-0.0007486169001	0.0009079470501	0.0009011318054
	0.0009442254414	-0.0002193326312	0.0004019315122	0.0002757508668	0.0004180406407
	-9.066620274e-05	-0.0009885539016	0.0006852662713	-0.001217222821	-0.0004808668848
	0.0003132257231	0.001201872367	0.000500716335	-0.0001959845916	-0.0002969312245
	5.018654654e-05	-0.000802725778	-0.0008544634027	0.0007064988724	0.0005381113856
	0.000203721238	-0.0004709119145	0.0004088049309	9.469993495e-05	0.0005622739016
	2.655014563e-05	0.0002754510756	0.0002241041544	0.0008754679767	0.0004961811499
	0.0003200818228	0.0003286000409	-0.0001876553874	0.0002608498901	3.693194088e-05
	-0.001260009072	0.0002699655422	0.0002688320513	-0.0001949367159	0.001088265501
	0.0001814789797	0.0001685479698	-4.118391933e-05	-0.0003292107418	0.0006476522656
	-0.0001079209364	0.0002593101692	0.0001060162881	6.335267076e-05	0.0004162508467
	3.728628296e-05	-0.0001049541281	-0.0001358904524	-0.0001301881731	-0.0001403227326
	-0.0006268992517	0.0007445874443	0.001084140285	0.0005296559645	0.0007182498351
	0.0008084477561	0.0001116550402	0.0001718087674	-0.0007014499294	0.0001958183318
	2.742897612e-05	0.0004180596947	0.0002895452282	-5.924689524e-05	-0.001020145094
	0.0006555067595	-4.064480073e-05	0.0004257447992	0.0003470575494	0.0001617892436
	0.0002058436029	0.0007354119322	-4.478732101e-05	0.0006196206094	-6.571856386e-05
	-0.0006827115424	4.827233723e-05	0.0009999376252	-1.233909711e-05	0.0001229624685
	0.000846829577	0.0004931846777	0.0007514156678	0.0008755301072	0.0004675789855
	3.018391743e-05	-2.947256558e-05	-0.001020455547	9.426810405e-05	2.981092675e-05
	0.0001655106105	0.0002476655581	1.824245948e-05	0.0007246248053	0.0004107391038
	-8.32213294e-05	0.0003228576878	4.350504645e-05	0.0007185295159	0.0002381740684
	0.001225033787	-0.0001377337393	0.0005627467494	8.692727072e-05	0.0006634084939
	-0.0009912627806	8.931368939e-05	-0.0001092916815	-7.565288102e-06	0.0008159814684
	0.000153321313	0.0002471742224	0.0002947216049	-0.0004931084254	0.0003670649726
	-0.0006927566416	7.869589855e-05	0.0003968924792	0.0006937138585	0.0004526650676
	0.0003796543378	-0.001329351676	0.0007023987491	-0.0004934537264	-8.065595892e-05
	0.0008026257345	-0.0003213734355	0.001061927583	-0.0001809585706	0.000424383846
	-7.218195751e-05	-0.0003441578949	0.001318854156	-9.324162809e-05	0.001270623537
	-0.0002286870244	0.0001891173913	-0.0001414397861	0.0006748336588	0.0002471814878
	0.0005978261139	-0.0001229127868	0.0001892785069	-0.0001652413799	0.0006806530323
	0.0005663357637	0.0004155135825	2.028272973e-05	-0.0003605758935	0.001159936039
	0.0002556858688	0.0005866007068	0.0009151226041	6.725892589e-05	-0.001181090577
	-0.0001923804306	0.0007854222717	-0.0003399247857	0.0004984367011	0.0001661175238
	6.717684101e-05	-0.0003206942142	0.0007097831684	-0.0002512709091	0.0002238549566
	-0.0003856281273	0.0003769830318	0.0002507662758	-0.0001791523763	0.001090478863
	0.0001884628561	0.0001628848513	0.0007840988217	-0.0005670050949	0.0003512204256
	-0.0004654154998	4.384020668e-06	-0.0002164518348	-0.0003286936963	0.0002323582202
	-0.0006203125868	0.0004358580353	0.0005447276507	-0.0001648684669	0.0003590276577
	-6.107557418e-05	-0.000700155205	-0.0003252901038	-0.0006292178984	0.0005159328443
	0.0005290169637	9.977883038e-05	0.0008306293687	-0.000740176691	-0.001168150125
	-0.0004565072612	-0.001133970343	5.750689848e-05	-0.0006605019565	-0.0001281977304
	0.0007241384744	-3.415579315e-06	-0.0005001024941	-0.0005835545487	6.026413773e-05
	-0.000216933265	-0.000441757694	-2.78994308e-05	0.0003445587875	0.0009327854864
	0.0008201923224	0.000385121514	-0.0001047959761	0.0006193324562	-0.0004095227077
	-0.0007206621666	-0.0007824638008	-0.0009797987206	0.0006891387395	0.0003365401718
	-0.0008416467185	0.0002552484328	-0.0005891044668	-0.0006942449775	-0.00106395031
	-0.0001104987915	-0.0007975841422	-0.0005415084858	-0.0002155400606	-0.0003375333735
	-0.000914776283	-8.468152168e-05	-0.001168870026	0.0009658501254	0.0003350530978
	-0.00101115828	8.169788633e-05	-0.001102540452	-0.00120699756	-0.001000900183
	-0.0004702907971	-0.001314387782	0.0009129408192	0.0008163916757	-0.001280057788
	0.000761200509	-0.001293487476	-0.001325390339	-0.0008573725459	0.0002382908387
	-0.0002047937295	-0.001048328112	-0.0009601479134	-0.0003553913528	0.001169763784
	-0.001248196303	-0.0005611641457	0.0009484614072	0.0002622348741	-0.001040169185
	-0.0007253540337	0.00105857139	-0.0009570935522	0.0009103312788	-0.0008068739821
	0.0004563009346	-0.0004310166151	-0.001070671103	-0.0001156490449	0.0008798762803
	0.0007679286279	-0.0008019915836	-0.0003933393236	0.0009283838308	-0.0005830703481
	0.0010628096	0.0008336745624	0.0003061020134	-0.001195689769	-7.187822851e-05
	0.001001493919	-0.0007631690653	0.0006844659251	0.0003132101106	-0.001067475367
	4.940414974e-05	0.0006199703475	0.0005193255266	-0.0005036674035	0.0002706043279
	0.0001615648852	0.0003693500623	-0.001042900758	-9.561130538e-05	-0.0007363635286
	-0.0004639753792	0.0002486177076	-0.0002958932779	-0.0002624463197	0.0001666849739
	-0.0001179877224	-2.150576195e-06	7.355132803e-05	-0.0001472735414	-0.0002575728284
	-0.0002377556137	-0.0005566677955	-0.0006518070345	-0.000833150947	-0.0004277129117
	-0.0005474106556	-0.0004627018195	-0.0003666713101	-0.0007385971757	-0.0006464821187
	-0.00074471625	-0.0006779034585	-0.0006402866759	-0.0009180622765	-0.0009848403256
	-0.001053790244	0.0003721798033	0.0002903826239	0.0001711024678	0.0001995680403
	0.0001091455422	-0.001138192779	0.0003934243101	-0.0006945956748	-0.0005848429043
	-0.0008162881797	-0.001111568196	0.0008867960762	-0.001156191662	0.0005039379731
	0.0004979844922	0.0002088448842	0.0001528049397	-0.0002545346569	-0.0003640910408
	-0.0004684617962	-0.0006363776978	-0.0006749359381	-0.0003478101765	-0.0003508541213
	0.0007190892025	-0.00020765242	-0.0002247710139	-0.0002452465622	0.0006251063922
	-0.0005623179479	-0.0006615380889	-0.0005090880591	-0.0008648771217	-0.0005012097566
	1.487092526e-05	9.07344869e-07	-0.0004377804049	0.0006950862425	-0.0005442520688
	-0.0005794631708	4.904873644e-05	7.638196648e-05	-0.001120349095	0.0001496810498
	0.0004659444927	-0.0006089618877	-0.0009543643434	-0.001019571258	-0.001081057631
	-0.001141462549	-0.001183803506	-0.0005508867455	-0.0003305845458	0.0001517734211
	0.0003139862477	0.0004353053949	0.0001603680723	0.0003903836605	0.0002408471444
	0.0003777831023	-0.001255394133	-0.001194941444	-0.001257300051	-0.001198287517
	-0.001139798614	-0.001139910548	-9.105826037e-05	-0.0001269066018	-0.0002850571866
	0.0003080768416	-0.0001896553856	-0.0003223283756	-0.0003378032404	-0.0005806165529
	-0.0008124750818	-0.001089353003	-0.0007127117934	0.0003354233859	0.0008685999823
	0.000960585677	0.0004684347909	0.0002566451366	0.0007804723948	0.0005736670932
	0.0005637891183	0.0009529332889	-0.0009042617329	0.001029191965	0.001096886617
	-0.001059464406	-0.0009855152607	-0.0006705359663	-0.000899370092	-0.0008090863227
	0.000142700811	0.0005660006355	-0.001241076297	-0.001211220072	-0.001172957063
	-0.0004975834712	-0.0007647814936	0.001148518453	-0.0005336196984	-0.0002692043131
	0.00094325976	0.0002480887977	-1.18177886e-05	0.001219132385	0.001205738065
	0.001184812595	-0.001317808209	0.0003724087139	0.0005023269917	0.0001679204434
	0.0006891454183	0.0007608974394	0.0008560136181	0.0003855403192	0.0005002466251
	0.0006570917831	0.0001088400333	0.0006330655209	-5.186893451e-05	5.077892497e-05
	0.0002420296674	0.0001255926605	0.0001100284242	-0.0001892889434	-8.590098717e-05
	-0.0003128703924	0.0004321254613	0.0003219446337	0.00053019001	-0.0006298240218
	-0.0005478429817	-0.0005033405975	-0.0005141679866	0.0001347742547	-0.0003671551499
	-0.0004884223208	-0.0007463755218	-0.0009388984003	0.000363795107	0.0006186223969
	0.0006932204272	0.0005771300348	0.0005099911722	0.0005813277178	-0.0006590694269
	-0.001023636393	-0.00090665752	0.0007827762693	0.0007032919342	0.001008783998
	-0.00118960581	-0.00122435972	0.001070548179	-0.001245842561	0.0011272774
	0.001168231252	-0.0008091540347	-0.0009050797847	-0.001145209197	-0.0003337711551
	-0.0004203727717	-0.0004294827469	-0.0002833335471	-0.0005882351762	-0.0005338464982
	-0.001213015834	0.001199860069	-0.00125235159	0.001217827538	0.0001671912964
	-3.459760043e-06	-0.0005908380693	2.328526674e-05	7.897524944e-05	7.691436796e-06
	4.097906827e-06	-0.0002786315394	0.0001308364942	0.000183797665	0.0002414264152
	0.0005365179077	-0.0002782283746	-9.385588303e-05	0.0004159034753	0.0004813952472
	3.833241324e-06	-0.0005222413512	-3.312988627e-05	2.20471184e-05	0.0009488874343
	-0.0008475399044	-0.000116305912	-6.516138775e-05	-0.0004065297769	0.0006075037617
	0.0001842290885	6.232858614e-05	-0.001090235769	0.000460832715	-0.0002558791577
	-0.0002786520056	0.0002057413374	-0.00032900812	-0.0002674516719	0.001245900822
	-0.0004293866034	-0.0001498975493	-0.0003419580997	-0.0005258755852	7.730113433e-07
	5.196628017e-05	-8.132148558e-05	0.0001659101737	3.813855731e-05	0.0003110959702
	0.0001550921358	0.0001944602964	1.149414574e-06	5.33969465e-05	4.582741642e-06
	-0.0001737078039	-9.537254858e-05	0.0001650266622	-0.0001403168942	-0.0002448625116
	3.678809696e-06	-0.0002610716388	0.0005293220948	0.0004472541042	0.0005814623958
	-0.0002058042584	0.000621567917	0.0004605181598	0.0007910180513	-0.0001836915456
	-0.0003536467058	0.0007449443373	0.0009750343829	-0.0008428771669	0.0003089286551
	0.0001614201733	0.0004000986625	0.001007490204	-0.0009448265305	5.443701283e-05
	-0.0003854295648	-0.0003694444079	-0.0002750596024	-0.0006047690673	-0.0004966510939
	-0.0006686528863	-0.0004783320858	-0.0007799174677	-0.0008694910459	0.00119384036
	0.001142616428	-0.001124583496	-0.001040011058	0.0006486284274	0.0004651335196
	0.0005237730957	0.0007805024522	0.0001905370822	0.000628071512	0.0005122541791
	0.0005845792791	0.0005500638024	0.0005865615408	0.0003076769464	0.0007353839686
	0.001034700557	0.0007436864604	0.000840575298	0.0009982991657	0.0009945359532
	0.001046522255	0.0007479569846	-0.001068728247	0.0003116872064	0.000264877568
	0.0002701618632	0.0003053765704	5.144230644e-05	8.701227179e-05	0.0003573729406
	0.0005109959785	2.757126047e-05	0.0006494708567	-0.0007402180383	-0.0009275639736
	-0.00089088966	-0.000918878627	-0.0007355400617	-0.0006485418987	-4.573934228e-05
	-0.0004268264397	-0.0007521378552	-0.0008464341368	-0.0009470782122	-0.0008958313677
	-0.0005447748049	-0.0004198502542	-0.001032047838	-1.397412315e-06	0.0003054106937
	0.001045542386	0.001199242297	0.0008493310795	0.0006281382343	0.0009420196538
	0.0008700392618	0.001048706557	0.001109663286	0.001085015532	0.0007862043044
	0.0006596144053	0.0008728105661	0.0009808158792	0.0007143447462	0.0004292386571
	0.0005384658289	0.0007949500686	0.0001048591451	0.000273125474	0.0006444507079
	0.0006228214866	0.0005332589696	0.0002760524446	0.0003407189467	0.0004165369888
	0.0009013133192	0.0009966117818	0.0009332813778	0.001202439955	0.001123032918
	0.001137149385	0.001143205087	0.0001812281633	4.386268187e-05	-7.917146953e-05
	0.0002028561555	-0.000246666086	0.000172262263	7.672488506e-05	-0.0002023839081
	-8.481549513e-05	-0.0002488326766	2.782901963e-05	-0.0001757864228	0.0001156886365
	-0.000448956089	0.0002121534369	-0.0003985077178	-0.0003100063263	-3.276952687e-05
	1.148498234e-05	-0.0003109318182	-0.0005647864653	6.684106989e-05	-0.0003559425055
	-0.000167997247	0.0001128874656	0.0002169659045	8.71745061e-06	9.253352628e-05
	-8.938466057e-05	0.0002641477912	0.0001300965572	0.0003201702489	0.0001505083962
	0.0001764579621	-4.009326709e-05	0.0005880857696	0.0004961605494	0.0003398634758
	0.0003138563819	-0.0003522369396	-0.0004346691866	-0.0004768196055	-0.0002260797443
	-0.0006825501371	-0.0005104281215	-0.0005523382351	-0.0004649862066	-0.0001890600707
	0.0001075633243	2.597534163e-06	0.0002997740655	-3.698798057e-05	-9.584064247e-05
	-0.0008898334779	-0.0003138950396	-0.0005805764529	-0.0007020307885	4.370508548e-05
	-2.288023562e-06	8.693774629e-05	-0.0003755617265	-0.0005160152876	-0.0006325938344
	-0.0006210042011	-0.0006477116829	-0.0006676054299	-0.0003290278805	0.0001955912489
	-3.662896858e-05	-0.0004312284279	-9.225048235e-05	3.669777869e-05	2.555260977e-05
	-6.955530374e-05	9.58010512e-05	1.878779021e-05	-0.0001934180976	3.485337699e-05
	0.0005198227062	0.0004405224439	0.0006938242534	-6.389574838e-05	0.0005671948313
	0.0002493481026	0.0007218290065	-0.0007984393601	0.0004724259532	0.0006028854912
	0.0008093470201	0.0009275643613	0.0008552006336	0.0009425028189	0.000634212821
	-0.0007548279941	-0.001005578801	-0.0009634839938	0.0001440800813	8.830667478e-05
	-0.0002771989765	-0.0006093364861	-0.0007443668038	-0.0009187984379	-0.0008406656598
	0.0001114725722	0.0003654879867	-0.0004341374884	2.561737354e-05	-0.0001072947022
	-0.0001472071057	-0.0001313205467	-9.752179048e-05	-0.0001392336299	-0.0001597810454
	-0.0001471836332	0.0005397874251	-0.0003276705651	0.0002604665711	-0.000157448093
	-0.0001518218444	2.124497913e-05	3.451482189e-05	-4.307876348e-07	-3.323786467e-05
	3.002348528e-05	0.000137924327	-4.068838978e-05	-5.263397944e-05	-1.269357923e-05
	4.113661011e-06	-7.825082185e-06	-7.034795979e-05	7.451227883e-05	0.0002085616211
	0.0001817466235	0.0001096154335	6.46777158e-05	0.0001291357172	-0.001240079668
	0.0002323475642	0.0006188130905	0.0003708896851	-0.0002639527161	-0.0002473849888
	-0.0001186898732	2.440805379e-05	0.0002382085745	0.0003443343173	0.0003720757448
	0.0004395981153	0.0004636917136	0.0004344479874	0.001009525449	0.001077872442
	0.0007934971101	-0.001226748733	0.001033654168	-0.000291892194	0.0006563886165
	0.0008894411404	0.001000476627	0.001130060375	-0.001079419321	-0.00103142099
	-0.0009047423404	0.0008623620338	-0.0008249908942	-0.0007453308134	-0.0001234490048
	-0.0002264877642	-0.0008662827962	-0.0009728966082	-0.0009028037235	-0.0006760883676
	-0.000909309688	-0.001330712353	-0.0009388171965	-0.00106338957	-2.271091726e-05
	-3.992374159e-05	5.717834763e-05	0.0001151517788	4.418218132e-05	-0.0001608820985
	-5.876252282e-05	-0.000311423172	-0.0001483009022	-0.000420182316	-0.0002825342117
	-0.000194661092	-0.0003858381665	3.548627274e-05	-7.085726038e-05	-0.0005500130806
	-0.0005559923283	-0.0007828159376	-0.0004592733169	0.0004326689364	7.494613622e-05
	0.0002594421437	0.0006129245923	0.0002503107747	5.199562663e-05	-0.0006053854783
	0.0005709875311	0.0008857667273	0.0006905620881	0.0004545797236	0.0005467131579
	0.0003812432367	4.751715761e-05	-0.0005913818133	-0.0004439520055	-0.0006604096056
	-0.0004276745499	-0.0006435047256	-0.0007796130239	0.0006400431402	-0.0007150059738
	-9.931465083e-05	-0.0002026278936	-0.0002317262313	-0.000467422735	0.0003803447778
	0.0003226414608	-0.0008793843324	-0.0006338920632	-0.0009843455864	-0.0006169250087
	0.001078110812	-0.001121862767	0.0009046981528	0.0007831354968	0.0009869828975
	0.0009765402734	0.0008606419631	0.0009678944663	0.001120116785	-0.000879977421
	-0.0009215446388	-0.00105547031	0.0002101901543	0.001138196715	0.000252496928
	0.000171574104	0.0002378810177	-0.000979581848	-0.0008802753813	-0.0005366564367
	-0.0003113349726	-0.0004522441857	-0.0006677380209	-0.000916328927	0.001036980137
	-0.001248463691	-0.0003808385665	0.0005037760078	0.0008764577707	0.0006821792511
	0.0009295217693	0.0006980354007	0.0007761379972	0.0008482894553	0.001079075984
	0.001124932187	0.001133029245	0.0005427449275	0.0005729343461	0.0009473569482
	0.0005364101291	0.000724693281	7.814562033e-05	-0.0004755103303	-0.0002194507111
	0.0007513533584	0.0008538168086	0.0004964125857	0.0003136309737	-0.0002489221783
	1.142625615e-06	-0.0001369208905	-0.0002675284316	-0.0003775988828	-4.934515876e-05
	0.0001609798856	0.0004345845919	0.0004713305741	-0.001206676933	-0.0009885658375
	0.0006364894925	0.0003403938242	0.0001894947995	7.144316667e-06	0.0004425284408
	0.0004979608086	0.0003959184611	0.0004049675873	0.0002953959758	0.0004856912281
	0.0003682408847	0.0004710166109	0.0005837371547	0.0005670750009	0.000386192293
	0.0001533817582	0.0002799027061	0.0002531071541	0.0001452304588	-0.0002031420232
	0.0007884963099	0.0002862486171	0.0009503686954	0.0002042977347	0.0002369365945
	0.0003684857892	0.000812308173	-0.000245641917	0.0006558405711	0.001031535097
	0.0006692470505	0.0003975301371	0.0006174133841	0.0004863876912	0.0007302757464
	0.0006959994283	4.876893713e-05	-3.672853776e-05	-0.0004277009767	-7.848164014e-05
	0.0004697770845	0.0002970813169	-0.0002373676748	-0.0001795508686	-0.0003333076071
	0.0002824171816	0.0003663909729	0.0003952582906	0.000149325734	-0.0002159127586
	-3.961046759e-06	5.303143761e-05	-5.18195783e-06	0.0003026258445	0.00132191917
	0.000164207809	0.0004171935697	-0.0005075953726	-0.0005520285205	-0.0004474000739
	-0.0003657509652	-0.0001088853361	4.494643727e-05	2.467624179e-05	0.0006700985479
	-7.966658028e-06	-0.0001593892869	-4.522949545e-05	-0.0001582017812	0.0002485387373
	3.674830605e-06	0.0001262771146	9.05133835e-05	-2.649115793e-05	0.0001915772877
	0.0003443622035	2.962062624e-05	-0.0004307401444	0.0004140702791	0.0002993296323
	0.0004848867705	0.0002863631662	-0.0005426408111	-0.0005241260571	-0.0006231604469
	-2.804007068e-05	-0.0003910831306	0.0004503626783	-0.0003469734867	-4.498169134e-05
	8.402167975e-05	-7.476755723e-05	-0.0001943659154	-1.588974186e-05	-0.0004938224855
	-0.0005893673909	-0.0007085863689	0.0005761024657	0.0006702209715	-0.0008841901299
	0.000612222159	-0.0006181866074	-0.0003441394806	-0.0006998206717	-0.0008295072065
	-0.0005798743439	-0.0004499032886	-0.001154669705	-0.001167557735	0.0008451296719
	0.000820884852	0.0006403233631	0.0006598274416	1.331494405e-05	0.0008242027124
	0.0009730609817	0.0008693599409	-0.0002693510166	0.000993089602	-0.0009086276405
	-0.001020727422	-0.001218638769	-0.001086616323	0.0007603600619	-0.0008527335765
	0.001218622087	-0.001130972337	-0.001076247937	-0.0007708654521	-0.0008186618534
	-0.0009926406527	-0.0009590273233	-0.001031096851	-0.0006448552426	-0.0004157282415
	-0.0003268711055	-0.0006477154852	-0.0007478158277	-0.0002813372947	-0.0003882577479
	-0.000400681587	-0.0003256217067	-0.0004738357016	-0.0002350054337	-0.0006482904013
	0.0001140134401	-0.0008110673286	-0.0008396980315	-0.00116410791	0.001042378588
	0.001322002673	-0.001128314619	0.0009642716534	0.001105744627	-0.0006366811692
	-0.0006008195569	-0.0001471241144	-0.0005017124815	-5.569781602e-05	-5.448012664e-05
	-0.0002137964523	-0.0009188440467	-0.0002134942866	-0.0001603122393	-0.0006927770621
	-0.0002160022927	-0.0001474744132	-0.0005043794747	-0.0002746100116	-0.0001007942594
	0.0003346893351	0.0004711499173	-0.0001642219584	2.760431893e-05	0.0001515592892
	1.140992843e-05	0.0001283213055	-0.000234095365	-0.0001742761194	-0.0002329406564
	-0.0004352268291	-0.0004254993794	2.741780783e-05	7.747841055e-06	-9.111180828e-05
	-3.208215795e-05	6.781947502e-05	1.450328219e-05	-7.270112479e-06	-8.841178496e-06
	-4.636923183e-05	-0.0002166065812	-2.857879098e-07	0.0001661190322	0.0004429972916
	0.001280430156	0.0004128747889	0.0003528418654	0.0002796931167	0.0002588346343
	0.0002008592762	0.0001650284878	5.045103305e-05	-0.001220547593	0.0001532232941
	0.0002625123941	0.0003277880184	7.792194876e-05	0.0002015926228	0.0003319763959
	0.0003779633882	0.0003349762629	0.0006152740033	0.001307259777	0.0001699648501
	0.000233045104	0.0001650624728	0.000111983148	0.0005856911104	0.0004647864572
	0.0001038472758	-3.954160924e-05	-0.0002367168721	-4.927397309e-05	-0.001298738593
	0.001240630902	-0.0002343934446	-0.0002159549914	-0.000236992098	-0.0003622063596
	5.67794247e-05	0.0001241868766	-0.0001191480411	3.744182754e-05	-0.000535900985
	-0.001030830071	-0.0003931163023	-7.538104206e-05	0.001321392775	0.001228378878
	-0.000612310783	-0.0001393296467	0.0009089216905	0.0001561729542	0.0001570345219
	-0.0001057161773	-2.879728092e-07	0.0005482772631	-0.0003679228159	-0.0001745543241
	-0.0002035563068	0.0002420384274	1.962529645e-07	0.0002316430421	0.0004957990517
	0.0006441041662	-0.0001578748033	0.0001289796993	-0.0003036738592	-0.0004218021645
	-1.195901124e-05	-0.0002867795924	-0.0003461243413	0.001185439145	-0.00126458596
	-0.0008131316975	-0.0002989729895	0.0001110670454	-0.0006267778855	-0.0007218716319
	-0.0001411526174	-0.0002135987636	-8.792625458e-05	-0.0006978878741	4.757875979e-05
	8.386043762e-06	-0.0007402984029	0.001128458337	-0.0001315561419	-0.001266725797
	-0.0002049213092	0.0001094519065	-0.0001400554052	-0.0001376317089	-8.460062286e-05
	-0.0001517813681	-0.0008168061063	-0.0002375016575	0.0003645117256	-0.0007763749641
	-0.0005363557924	-0.001198788556	-0.0006478406606	0.0009045093323	-0.00117218706
	-0.0004091907931	-0.0007100393548	0.0001051815373	0.001246291746	-7.479152285e-06
	-0.0003856694563	-0.0003325557301	-0.0002336254136	-0.0002226760199	8.436851665e-05
	-0.001193556183	0.0007706565204	-8.43594833e-05	-1.671745265e-05	-0.001066431505
	8.526349078e-05	-4.401636966e-05	-0.0002144776797	4.572765755e-05	-0.0003973850015
	-5.548344295e-05	-1.261913396e-05	-0.0007099002669	0.0004561449132	-0.0003040594758
	0.001131811078	0.0005594654005	-3.540045189e-05	-0.0006167866315	-0.0003399886558
	-0.0003314882794	-0.0003683670821	0.00128015194	-5.044589254e-05	-0.0001230492604
	-0.0001455376807	-0.0003584624694	3.343725775e-05	1.54777314e-05	-8.260163985e-05
	0.0002205443563	0.00105633516	6.249038704e-05	-0.0008267890167	0.0001132867269
	4.652166259e-05	0.0001732787274	-0.0005006703955	-3.952969332e-05	-0.0005018657425
	-0.000487985803	-8.445307769e-05	-0.0001339839422	-0.0006337142496	-0.0007335616808
	-0.000836936617	-0.0009431148848	-0.001147823549	-0.0004733223312	-0.0005685760337
	-0.000570130897	-0.0003197459887	-0.0007271087102	-0.0009520833619	0.0004610528225
	0.0001028826474	-0.0004578666417	-0.001133196488	-0.000274460058	0.0004408085682
	0.0002484838644	-0.001293201523	-0.0007503333401	-0.0001902100794	0.0001234942687
	-0.0003110232659	0.001206361019	-0.0008807886922	1.178285115e-05	0.0007970261758
	-0.0008226300713	-0.0007642856588	-0.0009938489342	-0.0009724059567	-0.001058058594
	-0.001142334092	-0.0008343699306	-0.001287115171	0.0009568936894	-0.0001275573122
	0.0001123744666	0.001271093912	0.0008230882056	0.0001069826393	0.000200191635
	0.0008345710323	1.954635816e-05	-0.0002889286134	4.921893077e-06	-3.233034473e-05
	-0.000254337934	1.097041059e-05	-0.0008101876481	0.0006764879006	-0.0004349509435
	0.001305167188	0.000889392799	0.0007055378383	-0.001244751704	0.001148321615
	-0.001272481353	0.001154961895	-0.0004818482159	0.0001794345937	0.001263477197
	-2.289520345e-05	-2.058329688e-05	5.684470053e-05	-0.0003661304395	0.0007930537017
	-2.503546732e-05	-0.001286354803	0.0001675653757	0.00102554551	-0.000958429818
	-0.000925677074	-0.0002190412526	-0.001101801332	-0.001094711963	-7.852800363e-05
	0.001023125284	0.0002504399982	-0.000116611062	-0.001315269111	-0.001289127837
	-0.0005977814515	-1.513822127e-05	3.80603011e-05	-0.0001409953982	-0.0005602598751
	-0.001050745916	-0.0007039242245	-0.001198613131	0.0007934528779	-0.0009294874158
	
