1550	
	-5.452960395e-07	-1.528042744e-05	2.608118269e-05	-2.778387364e-05	-2.663557871e-05
	4.658469205e-06	-4.090468503e-05	1.130567165e-06	3.512198763e-05	-7.24258855e-06
	3.967465005e-05	-2.242528839e-05	-1.076740794e-05	-5.119441449e-07	-4.511736846e-06
	2.632366189e-05	1.348336006e-05	-2.239605006e-05	-1.384044038e-05	1.819961284e-06
	-4.685603584e-05	-2.144787106e-06	-2.275525928e-05	-2.90113443e-06	2.477236006e-06
	2.897235946e-05	7.015646866e-06	2.00541537e-06	1.774280413e-05	2.055321661e-06
	-1.414057221e-05	3.54379093e-05	-3.653905335e-05	2.71838622e-05	2.465145599e-05
	6.608826078e-06	1.527209823e-05	3.145781086e-05	3.290771435e-05	-4.343889068e-05
	4.050854201e-06	2.410561004e-05	2.191388482e-05	-7.661922373e-06	3.115552252e-06
	-3.963585066e-05	2.309735436e-05	-2.18100954e-05	1.669354095e-05	-4.284767471e-06
	-2.215873042e-05	2.025395863e-05	1.568600889e-05	-3.350157342e-05	1.454132289e-05
	9.101213013e-06	-8.66915479e-06	-2.419880564e-05	-1.593336069e-05	-2.740776469e-05
	-2.208492602e-05	4.349149306e-05	-4.419729063e-05	-2.632211454e-05	1.190355411e-05
	4.190728718e-05	-2.128465492e-05	-4.641435429e-05	-2.136831023e-05	7.720294207e-06
	-1.459561955e-05	-1.250039602e-05	-1.086274133e-05	9.206609664e-06	-1.332283515e-05
	-1.639180054e-05	-2.544874927e-05	-8.923720107e-06	-6.09169839e-06	-4.17014335e-05
	-9.395458269e-06	2.948446526e-06	4.854165405e-06	8.523640395e-06	-1.741478767e-05
	-2.025128764e-05	-3.230115525e-05	3.211339663e-05	-2.359022588e-05	6.73288756e-07
	-2.643241873e-05	2.741541517e-05	-6.765390811e-06	2.034882844e-05	-2.313865981e-05
	-1.457395903e-06	-1.548048672e-05	1.030467573e-06	-1.407302866e-06	-1.133701294e-05
	1.603050161e-06	3.404503006e-06	-6.523429541e-06	-7.23427642e-08	5.379563067e-06
	1.955403099e-06	-1.403303235e-05	4.786778597e-06	-2.947336801e-06	-1.493188462e-05
	9.168948188e-06	-4.066281769e-05	-2.263981948e-05	-1.922628506e-05	-1.974732224e-05
	-4.496259693e-05	3.166159575e-05	7.278913187e-06	4.486477518e-05	-2.984453587e-05
	-2.404721508e-05	9.719648157e-06	1.480460949e-05	-8.85265085e-07	4.034667201e-06
	2.902345883e-06	-2.154642934e-05	-1.866522267e-05	1.31627873e-06	-5.051238959e-06
	-1.812004913e-06	2.99386843e-05	-8.009854456e-06	-2.523371328e-05	4.387704124e-06
	-3.563909815e-07	1.281459654e-05	1.127516692e-05	4.196592124e-07	-1.85366429e-05
	-1.711434648e-06	-2.092061514e-05	-3.656421378e-05	-1.153337475e-05	3.949478913e-07
	9.8841388e-07	2.55193018e-05	4.304521604e-07	-7.541249511e-06	-3.033727812e-06
	1.688068943e-05	5.178842703e-06	-2.755728084e-05	2.184779742e-05	-4.786023805e-05
	4.629637792e-05	8.53592733e-07	1.840626411e-06	2.053464752e-05	2.917870214e-05
	-4.566335496e-06	-4.589898676e-05	-4.363202365e-05	2.074076062e-05	-4.908917872e-06
	9.882578501e-07	2.598042502e-05	8.807612906e-06	1.867945934e-07	-8.524968528e-06
	-6.390939291e-08	-3.164336274e-05	-3.237515316e-05	1.333434702e-05	7.184302443e-06
	-3.095404548e-07	-2.608170079e-05	3.549196798e-06	-8.773473885e-06	3.811264835e-05
	1.498295799e-06	-2.167753648e-05	-2.047065975e-06	-1.026301288e-06	3.26240815e-05
	-2.260213269e-05	3.330046062e-06	-1.095642246e-06	1.094715592e-07	-9.576132536e-09
	-2.611372677e-05	-1.986433035e-05	1.763887165e-05	-1.903200911e-06	3.745275614e-05
	-1.433254292e-05	1.024166031e-05	6.810172982e-08	1.582891055e-05	1.790547853e-05
	-3.081130487e-06	1.463941505e-05	-1.121983169e-07	-4.410958649e-08	2.641596101e-05
	1.007618107e-06	-6.813777732e-07	-1.169522902e-06	-3.155925646e-06	-2.178452218e-06
	-2.439711878e-05	1.02793282e-05	4.272862384e-05	-3.569515077e-05	2.549029586e-05
	3.427338618e-05	1.031666182e-06	8.402212743e-07	-2.3052914e-05	1.208291299e-05
	-1.731299555e-08	1.224436419e-05	1.038116782e-06	-1.422898771e-06	-4.227784037e-05
	-4.060038819e-05	-3.400936889e-07	2.337931249e-05	1.557460063e-05	4.945462753e-06
	-1.53883468e-05	3.522169838e-05	-1.463159176e-07	3.224570203e-05	-7.052968531e-07
	-9.495706912e-06	3.919827185e-07	4.553750604e-05	-1.348679342e-07	-2.686540364e-06
	4.631480531e-05	2.482357564e-05	-1.510257896e-05	-1.477304281e-05	1.997547096e-05
	1.538412966e-07	1.365048958e-06	-9.297209113e-06	1.144587258e-06	2.629527909e-07
	5.022478475e-06	1.034461212e-05	-1.1461246e-07	3.358228068e-05	1.372781204e-05
	1.322578529e-07	3.566431577e-06	1.13837474e-06	3.017280453e-05	3.675384316e-06
	1.008075619e-05	-2.325733927e-06	2.882263996e-05	3.252953279e-07	4.218200242e-05
	-3.479793526e-05	5.290705385e-07	-2.728870611e-06	-1.728283992e-07	4.574278963e-05
	2.491350735e-08	-1.951300715e-05	6.359199924e-06	-2.027827213e-05	-1.937551067e-05
	-4.236345021e-05	1.649714216e-07	-2.821385565e-05	2.657632762e-05	1.266039947e-05
	7.337007829e-06	4.670914737e-06	4.29782104e-05	-3.337519948e-05	-2.361226072e-06
	2.876341766e-05	-2.28804045e-05	-2.641316496e-05	-2.505291918e-06	9.858876541e-06
	-9.419649516e-07	2.722762845e-06	-7.145844264e-06	-3.558986641e-07	2.38099589e-05
	-2.299868723e-06	-1.334759854e-05	9.95982872e-06	1.895222486e-05	2.200638243e-06
	3.899332136e-05	-4.502646963e-06	-9.796207109e-06	-9.845308286e-07	1.514611467e-05
	1.008380418e-05	6.450610501e-06	-9.832053629e-08	-4.687819493e-06	3.763956689e-05
	-1.804824181e-05	1.246976729e-05	4.648028132e-05	-2.972948524e-07	1.451719758e-05
	-6.47887955e-07	1.843263426e-05	-6.847047847e-06	3.418138507e-05	1.090661551e-05
	-2.619377531e-06	-1.180850692e-05	-4.452616042e-05	-6.495563085e-07	-4.001100554e-07
	-2.305019516e-06	2.722101923e-05	1.827104719e-05	-9.629067437e-06	1.918225642e-05
	-1.376088089e-05	1.167100467e-05	8.495700683e-06	-2.47595809e-06	-1.07373591e-06
	-1.165423277e-05	-6.578669826e-08	-1.334885107e-05	-1.678159745e-05	-3.195293653e-06
	-1.144754147e-05	-1.549454426e-06	2.457863648e-06	-1.067997812e-05	-2.354053881e-06
	-4.000413317e-06	-1.70485637e-05	-1.792344095e-05	-6.772888345e-06	-2.434479471e-06
	-3.11606145e-07	8.248145707e-06	3.109990655e-07	-1.261759689e-05	7.234056374e-06
	-2.340686681e-05	1.689608566e-05	4.796953994e-06	3.088554715e-06	-8.883479624e-06
	-2.299512792e-06	4.881458504e-07	3.754788142e-06	-2.765745942e-05	-8.458046696e-07
	-1.564254809e-05	-2.928312807e-05	6.371373205e-07	-2.605895811e-05	-3.549464731e-06
	-5.191881304e-06	-5.50119433e-06	2.092205543e-06	-6.435759581e-06	-2.85130188e-05
	-3.462058763e-05	8.001369658e-06	-1.571807759e-05	-1.005675468e-05	-2.505224228e-05
	4.063593933e-06	-5.242892678e-06	-3.819485901e-05	-4.094734438e-05	-3.87278997e-06
	-4.846479151e-06	-4.52076312e-05	1.182366467e-05	5.813567066e-06	5.794047777e-06
	-3.631611358e-05	2.513493184e-06	-3.736964741e-06	-1.981042192e-05	-9.707630599e-06
	6.328428193e-07	-2.209191871e-06	2.407796197e-06	-2.83012894e-05	6.205676219e-06
	1.180809685e-05	-1.1453266e-05	-2.4291325e-05	-2.267703562e-05	1.538493821e-06
	1.30213845e-05	-1.884140895e-05	-2.684934642e-06	1.976910693e-05	-7.700233489e-06
	7.441334056e-06	1.464972465e-05	1.795458912e-05	1.232360217e-05	-2.323184291e-05
	-2.930240719e-05	7.987568025e-06	-2.897568043e-05	6.388004967e-06	2.24785347e-05
	2.449113519e-05	-3.354133482e-05	2.47707083e-05	-3.255647721e-05	3.437122936e-06
	-5.189037687e-06	2.730772526e-05	2.676393728e-05	5.531386017e-06	-3.59488525e-05
	-3.073937416e-05	3.036941548e-05	1.740300135e-05	-4.103069471e-05	2.610946967e-05
	-4.473623923e-05	-4.146928896e-05	-1.470836118e-05	3.530444457e-05	4.147460898e-06
	4.808693327e-06	3.388897262e-05	-3.453944283e-05	-1.691968782e-05	4.111169302e-05
	-2.496688685e-06	-3.408242533e-05	-2.986488652e-05	2.91222062e-05	-1.595943942e-05
	-1.005847005e-05	-2.449153411e-05	1.058934128e-05	6.309125921e-06	4.326347015e-05
	2.893837714e-05	-1.848436894e-05	2.021239197e-05	1.880782078e-05	-1.377131235e-05
	8.159195295e-06	-1.029326591e-06	-6.838095564e-06	1.037004601e-05	1.828050063e-05
	1.289410594e-05	3.571856215e-05	3.949647379e-05	4.319411687e-05	2.368303845e-05
	2.908818684e-05	3.103173974e-05	2.543601396e-05	-3.301851908e-05	3.157601444e-05
	4.20446664e-05	2.95825939e-05	2.549375882e-05	4.285819405e-05	4.136401577e-05
	3.835774822e-05	-3.67920155e-06	-2.901479972e-06	-1.092008223e-06	-1.9500057e-06
	-4.530328534e-07	1.13036578e-05	-2.742787415e-05	-1.423554177e-05	-1.388271519e-05
	-1.625449177e-05	3.429027346e-05	-4.774380581e-05	2.350770266e-05	-7.285918469e-06
	-9.418110122e-06	-2.484378341e-06	-2.2581474e-06	-1.702764727e-05	-2.42121533e-05
	-3.028418494e-05	-3.087822544e-05	-2.994598351e-05	-1.38122732e-05	-1.873795672e-05
	6.48504591e-06	-1.007126776e-05	-9.9970022e-06	-1.269029803e-05	2.501402443e-06
	-3.49379526e-05	-3.883686924e-05	-2.672347148e-05	-4.250014612e-05	-1.887488153e-05
	-5.241860388e-08	-7.326797872e-08	-6.750714413e-06	-3.992055736e-05	-6.57176205e-06
	-4.082722604e-06	3.000214761e-08	4.595898073e-08	3.332874745e-05	2.560389426e-06
	1.031316194e-05	1.385358763e-05	-4.16447626e-05	-3.970997044e-05	-3.654144562e-05
	-3.167785622e-05	-2.478940332e-05	2.035112653e-05	4.084877261e-06	-2.850738308e-06
	-7.60427624e-06	-9.866445752e-06	6.308875654e-06	-2.866252571e-05	1.233321145e-05
	1.941808561e-05	-7.064208997e-07	-3.568044562e-05	6.140333655e-06	-4.78420587e-06
	-1.149883378e-05	-1.860886596e-05	5.723987895e-06	8.390455974e-06	1.970643765e-05
	-2.267456688e-05	1.306835345e-05	2.18611902e-05	2.226446835e-05	3.504318883e-05
	4.274877376e-05	7.321104601e-06	4.0816559e-05	-2.407447528e-05	-4.141234581e-05
	1.159736185e-07	-2.379696381e-05	-1.36279095e-05	-4.134600123e-05	-2.331056692e-05
	-2.606095197e-05	-3.977289763e-05	4.270400717e-05	-3.636734975e-05	-3.110681042e-05
	3.777920768e-05	4.104897071e-05	2.57020038e-05	2.124238645e-05	2.856198833e-05
	-7.053712997e-06	3.624051852e-05	1.362159733e-05	2.123696405e-05	2.750704009e-05
	1.627141335e-05	-4.153031186e-05	-2.474197306e-05	2.032651791e-05	1.17191375e-05
	4.522997191e-06	9.150187905e-06	6.077755173e-07	-2.921523889e-06	-1.146555929e-05
	-1.781616431e-05	-1.298003162e-05	-1.321263535e-05	-1.853953205e-05	-2.132050493e-06
	-5.006384222e-06	-6.794124952e-06	-6.739320288e-06	1.367203793e-05	2.424822378e-05
	4.698715531e-06	4.680172306e-06	-2.558275548e-06	7.016037373e-07	-9.661318264e-08
	-8.819515537e-06	-5.101991367e-06	-5.088189807e-06	-1.342437805e-05	-5.914417051e-06
	-2.11577049e-05	2.859419622e-05	2.247720394e-05	3.327273244e-05	-3.739936372e-05
	-2.021288847e-05	-1.654459345e-05	-1.453358899e-05	6.450046734e-06	-2.367849793e-05
	-3.010662495e-05	-4.127260843e-05	-4.173270104e-05	-1.600125262e-05	3.666974162e-05
	3.880538419e-05	2.542505015e-05	1.863983949e-05	2.304537714e-05	-2.519330957e-05
	-3.920482904e-05	-2.668823921e-05	4.030768976e-05	2.854141002e-05	3.682750376e-05
	-2.485491969e-05	-1.803554145e-05	3.304632209e-05	-1.12646797e-05	2.756948954e-05
	2.149183465e-05	-2.83803015e-05	-2.121780987e-05	-3.062996321e-05	2.285746031e-07
	5.817906799e-06	-4.837711629e-07	1.149910982e-06	2.103301964e-06	1.327739059e-07
	2.447548489e-06	1.394474021e-05	-3.668805031e-06	5.001841631e-06	-6.479386734e-06
	-1.539095901e-07	5.084572814e-06	-1.377620797e-07	-6.111662669e-08	-1.000377102e-07
	-1.315421459e-07	2.331961533e-06	8.996224413e-07	2.537853523e-06	2.910649486e-06
	-3.455028538e-05	-1.940345846e-05	-1.380692429e-06	4.802152054e-06	6.608828924e-06
	-7.561235201e-08	6.574331018e-06	-5.015058949e-07	-3.847542443e-08	3.905653331e-05
	-4.24134772e-05	-8.219105254e-06	1.284498867e-06	1.592600773e-05	2.688889415e-07
	2.571935286e-06	6.752224184e-06	-3.545645966e-05	-3.100763733e-05	-2.088634911e-06
	-1.303506256e-06	-4.608524946e-06	-4.917166817e-06	-3.203390513e-06	-2.871100165e-05
	-1.884064316e-07	-9.567110539e-06	-5.938068464e-07	-1.093013416e-06	-1.584559711e-07
	-4.234485744e-06	5.455628278e-06	-1.306744822e-05	-3.637643108e-06	-2.192615367e-05
	-1.121632406e-05	-1.314082647e-05	-2.528060915e-07	-3.482985029e-06	-7.734343811e-08
	1.093964319e-05	5.888549382e-06	-8.336487121e-06	9.679548495e-06	1.770167663e-05
	2.220521586e-07	1.549866099e-05	-3.432391419e-05	-3.068296859e-05	-3.939113209e-05
	1.058841683e-05	-3.697787905e-05	-2.850167466e-05	-4.657858105e-05	1.238295851e-05
	2.147569488e-05	-4.091254445e-05	-4.721913095e-05	4.683071922e-05	-1.945299444e-05
	-9.153643923e-06	-2.315030181e-05	-3.845566524e-05	3.485252155e-05	-2.228227208e-06
	2.700677238e-05	2.439215576e-05	1.775508136e-05	3.535963429e-05	2.549072851e-05
	3.601800107e-05	2.278779721e-05	3.791825577e-05	3.7146033e-05	-3.5556067e-05
	-2.950849994e-05	4.121534991e-05	4.524082462e-05	-2.159835264e-05	-2.175033915e-05
	-2.202164416e-05	-3.55004289e-05	-8.388105728e-06	-2.861486503e-05	-2.673323238e-05
	-8.86128936e-06	1.722127083e-05	2.400813606e-05	-3.80874034e-06	8.427299198e-07
	8.608258122e-07	4.297396657e-06	-1.919869712e-05	-8.671049406e-06	-1.40925033e-05
	-4.837482636e-06	-1.48444234e-05	4.388919344e-05	9.17707245e-06	9.205258045e-06
	-6.808578598e-07	-3.246292603e-06	-1.510065531e-07	-1.658668341e-07	1.391463644e-05
	1.877215733e-05	-7.312741283e-07	-2.511670229e-05	2.025982945e-05	2.286706026e-06
	-1.490345042e-05	-9.865025114e-06	-6.583883201e-06	-3.960255186e-06	-1.613425412e-06
	-4.147025651e-06	2.308695214e-06	-7.53646729e-07	-3.999182239e-06	8.03931356e-06
	9.466413643e-06	4.156075098e-06	3.125175203e-05	2.40744308e-07	-9.961288694e-06
	-2.568829054e-05	-1.59201141e-05	1.128049267e-05	4.679111021e-06	1.165551863e-05
	6.083480784e-06	1.243762764e-05	-1.073444186e-05	-1.85196109e-05	2.336041793e-05
	2.258370851e-05	1.61357332e-05	1.75339366e-05	-6.1600032e-06	-7.645818557e-06
	-1.28632e-05	-1.026964983e-05	-2.217037921e-06	-4.096515854e-06	-1.56754232e-05
	-1.212118838e-05	-4.404984848e-06	-1.67451846e-06	-6.463069566e-06	-3.549511722e-08
	-9.432040744e-06	6.684835098e-06	2.033937053e-06	1.953573527e-05	6.091784415e-06
	-2.335049564e-06	1.358883543e-05	1.463863305e-05	4.839890964e-06	-4.397710279e-06
	1.688998392e-05	-1.662866287e-05	1.285201526e-05	6.71864518e-06	-1.314207375e-05
	-4.851179723e-06	-1.601649145e-05	2.846670759e-06	-1.055589605e-05	4.950074278e-06
	-2.066738226e-05	1.008074613e-05	-2.001559713e-05	-1.11711641e-05	-1.618025754e-06
	2.83188919e-07	-1.76545693e-05	-3.198365951e-05	3.25247985e-06	-1.56773002e-05
	-9.645010694e-06	4.061932958e-06	8.511399926e-06	8.783758729e-07	5.389710177e-06
	-4.776419815e-06	1.479481781e-05	8.635801632e-06	1.936488232e-05	1.069635553e-05
	9.264346916e-06	-1.977005153e-06	3.593066628e-05	2.889903349e-05	1.716266137e-05
	2.166606903e-05	-2.092693367e-05	-2.436511549e-05	-2.898139247e-05	-1.243545295e-05
	-3.543309665e-05	-2.501181919e-05	-2.369138892e-05	-1.927940584e-05	-7.396278274e-06
	-6.611572845e-07	6.037277493e-08	-1.400559332e-05	1.646875797e-07	8.029252678e-07
	8.449987164e-07	-5.947262203e-06	-1.474355978e-05	-1.638904943e-05	5.321320825e-07
	-2.946294052e-07	2.018925574e-06	-1.178228755e-05	-1.548028373e-05	-1.280280059e-05
	2.734272617e-06	-7.292864626e-07	-6.792569603e-06	-7.848964758e-06	5.140818614e-06
	-1.364800006e-06	-1.503829271e-05	-3.375949931e-06	4.191912569e-08	2.59161401e-08
	-3.194686075e-07	8.298771805e-07	-1.081102417e-09	-2.511856564e-06	7.689450986e-07
	4.8300033e-06	3.008363238e-06	8.112632696e-06	-1.178582099e-06	1.462615182e-05
	1.07053988e-05	4.108094833e-05	-3.735442269e-05	2.171606202e-05	2.800527003e-05
	3.877859682e-05	4.085658727e-05	3.51914668e-05	3.250874502e-05	3.568194906e-05
	-3.083089678e-05	-2.951600848e-05	-3.415532874e-05	-6.238539588e-08	1.110377106e-08
	5.979547744e-06	2.147576306e-05	1.604254096e-05	2.965050879e-05	2.517139976e-05
	-4.193114086e-06	-1.542735054e-05	1.281536094e-05	-8.650184479e-08	1.179340601e-07
	-3.059320038e-07	-6.096702424e-07	-1.380888941e-07	9.773361877e-07	4.966638762e-07
	3.133953076e-08	-6.340988316e-06	-3.268982037e-06	-1.884100109e-05	1.84131999e-06
	3.491431373e-06	-1.631452788e-07	-5.667018516e-07	2.744317897e-07	1.422549457e-06
	-2.567067389e-07	-1.417414214e-06	-4.082803593e-07	-3.434388222e-07	-2.357375312e-07
	-1.202282383e-07	1.986374337e-07	7.574052595e-07	-8.687019441e-07	-9.132486716e-07
	-1.273607329e-06	-8.311440742e-07	-4.172513179e-07	-6.018993043e-07	1.44764956e-05
	-4.080797935e-06	-2.837629241e-06	1.762295705e-05	-1.263597445e-05	-8.113116602e-06
	-5.909320141e-06	6.90951708e-07	1.100587871e-05	1.506864622e-05	1.473220305e-05
	-3.139511221e-05	-3.220862765e-05	2.418364748e-05	3.822148527e-05	3.307402829e-05
	-2.639681101e-05	-1.588745113e-05	4.446874339e-05	1.49864158e-05	1.106974983e-05
	2.715257485e-05	2.787660949e-05	2.659990983e-05	5.196924698e-06	-1.518320128e-05
	-1.588544091e-05	2.766654966e-06	-1.950625283e-05	-9.779543024e-06	-1.477099283e-06
	1.743117849e-06	-2.844370681e-05	-2.175057676e-05	-2.47248466e-05	-1.921892011e-05
	-3.730435343e-05	-3.90524489e-06	-9.567216333e-06	-7.955038913e-06	3.758717243e-07
	1.987371471e-06	-5.028696099e-06	-9.687546491e-06	-4.574208212e-06	1.053180263e-05
	3.533476377e-06	1.733629816e-05	6.63286412e-06	1.788314158e-05	1.608052888e-05
	1.241478091e-05	2.333886891e-05	-3.188427427e-06	4.255405489e-06	2.73817208e-05
	2.35237352e-05	3.186700179e-05	2.638096678e-05	-2.811021885e-05	-4.691969083e-06
	-1.703844466e-05	-3.932910218e-05	-1.452552663e-05	-3.901206089e-06	3.390151747e-05
	-2.907933913e-05	-4.477751449e-05	-3.243808588e-05	-2.52629554e-05	-3.184162531e-05
	-2.286187575e-05	-2.727818984e-06	3.856081217e-05	2.944542468e-05	3.321366391e-05
	2.280544767e-05	2.890318825e-05	3.865171083e-05	-3.434059789e-05	3.80736229e-05
	5.816347984e-06	9.717574728e-06	1.213270876e-05	2.216632429e-05	-1.839590861e-05
	-1.286914506e-05	3.73999352e-05	2.084872975e-05	2.578010573e-06	1.739802716e-05
	-4.415405296e-05	3.740053564e-05	-3.465820433e-05	-3.159709535e-05	-4.710560984e-05
	-3.196137747e-05	-2.93629548e-05	-2.711878438e-05	-1.67354077e-05	-4.071391822e-06
	3.462129685e-05	1.132772956e-05	-1.00346789e-05	1.052933643e-05	-1.103544291e-05
	-7.721414254e-06	-9.565268149e-06	-3.467103694e-06	6.915127989e-06	1.023344186e-05
	2.922907806e-06	7.19066844e-06	1.044809878e-05	1.651707471e-05	-2.126541042e-05
	2.868473823e-05	1.974630338e-05	-1.844789611e-05	6.936064658e-06	1.589125121e-05
	-4.698034955e-06	2.161257927e-05	2.040799001e-05	-1.879099544e-05	1.59482057e-05
	5.333851405e-06	-1.167349414e-06	1.40790594e-05	1.207698907e-05	3.093013521e-05
	1.687107162e-05	-2.612430753e-05	-2.240498692e-06	1.147234557e-05	1.045653796e-05
	-1.9371148e-05	-1.386313835e-05	-1.019554837e-05	-1.765208506e-06	9.44005177e-06
	3.152082291e-07	5.506246422e-06	1.143341982e-05	1.449646923e-05	2.040811196e-06
	-4.415104963e-06	-1.767296321e-05	-2.127678049e-05	9.499067155e-06	2.213580714e-05
	-1.815947515e-05	-4.221915316e-07	1.728239963e-07	2.674621808e-07	-6.752777723e-07
	-2.665765713e-06	-3.121413498e-06	-4.685747932e-06	-4.770192825e-06	-4.806717937e-06
	-5.352417586e-06	-7.131708654e-06	-4.74691979e-06	-1.399398594e-05	-7.275112347e-06
	5.357944376e-06	6.261269212e-06	4.548660623e-06	3.020278471e-06	1.704384998e-06
	2.768894302e-07	9.244095526e-06	-1.681236867e-05	-3.864287518e-06	-5.720123525e-06
	-8.888383103e-06	1.733562119e-05	-1.632497701e-05	-7.458332128e-06	-4.16980457e-06
	-1.591553548e-05	-1.181860712e-05	1.010333412e-05	8.678545115e-06	3.084509932e-06
	-1.443583071e-07	1.77379326e-06	-1.795543092e-06	-1.60372433e-05	-3.259921689e-06
	-1.215253608e-05	8.071145556e-06	2.824966792e-06	-7.948665338e-06	-1.409370622e-05
	-8.03491001e-06	6.723531013e-06	5.518873777e-07	-4.295698765e-07	-8.424493451e-06
	3.601634463e-07	-7.599321589e-08	1.673360265e-07	4.301310416e-06	4.455685341e-06
	4.186651551e-06	5.604610542e-06	-1.042249796e-05	-8.291540402e-06	-6.190808947e-06
	-8.556525556e-06	-2.266942427e-06	-3.738965007e-08	-9.858035183e-07	-2.823015853e-05
	1.426263318e-09	-1.1371994e-05	-2.959655681e-06	-1.075270234e-05	1.692312682e-05
	4.915060192e-07	9.576569014e-06	6.263085208e-06	-1.562123209e-06	1.489453961e-05
	2.070536491e-05	1.897454682e-06	-1.999095038e-05	2.602851653e-05	1.929853365e-05
	2.885159662e-05	2.141169108e-05	-3.425270003e-05	1.448376508e-05	-1.848864895e-05
	-2.375653959e-07	-1.277572632e-05	3.07224831e-05	-2.043856566e-05	-2.691498455e-06
	4.90977626e-06	-4.652733341e-06	-1.133861378e-05	-1.001588729e-06	-2.905560456e-05
	-3.049872958e-05	-3.688169534e-05	3.211620947e-05	3.515784062e-05	-4.627995936e-05
	2.130736189e-05	-3.428633074e-05	-2.137891178e-05	-3.040756308e-05	-3.641218445e-05
	-2.509978312e-05	7.49381693e-06	-3.419604004e-05	-3.73512368e-05	2.562206252e-05
	1.38959978e-05	8.81263856e-07	3.015441643e-05	-3.529267709e-07	3.003883036e-05
	4.239765538e-05	4.041983612e-05	-3.665036207e-06	2.692736773e-05	-3.155649159e-05
	-3.065504032e-05	-3.216225048e-05	-2.610493155e-05	-3.755355723e-05	1.365198491e-05
	3.206259265e-05	-2.005294349e-05	-1.477302325e-05	-2.059570622e-05	-2.430735654e-05
	-2.558484799e-05	1.212292254e-05	-2.06770563e-05	1.257060076e-05	8.715114242e-06
	-5.526653031e-06	-3.190839118e-07	-2.388204666e-06	-1.739837862e-08	9.451646504e-07
	2.293235783e-06	-1.086111347e-06	-2.794218285e-06	-1.417779039e-06	8.714753994e-06
	-6.036738064e-06	-1.074198796e-05	-5.755331039e-06	-1.455105036e-05	2.18114096e-05
	3.861916452e-06	-8.786027761e-06	-1.02102056e-05	-8.607015495e-06	1.967144314e-05
	1.576038421e-05	6.212414827e-06	2.127839931e-05	-2.109197209e-07	3.557503404e-07
	1.069081033e-07	4.689421569e-05	1.495383808e-05	-1.346535814e-06	5.782560142e-06
	3.59657741e-06	4.853979816e-06	1.672094604e-05	1.073618253e-05	1.54472584e-06
	2.217033875e-06	2.838253089e-06	-5.086535718e-06	-1.149884737e-07	-3.970631565e-06
	-1.238376635e-07	2.922038284e-07	-5.22539045e-06	-3.388047763e-06	-7.854651632e-06
	-1.138854429e-05	-8.769404354e-06	-8.507854862e-08	-1.216236189e-07	3.201913871e-07
	4.674590655e-08	5.807088328e-08	-4.144624336e-08	-4.585619383e-08	1.596450933e-08
	4.594686233e-07	1.084430708e-06	-1.440109253e-07	4.5397044e-07	-3.235693054e-06
	2.141479424e-05	-1.335632064e-05	-1.293774317e-05	-6.95640261e-07	1.728017441e-07
	-1.02044324e-09	-3.724615329e-07	-1.859558391e-07	-2.274065678e-05	7.356956147e-07
	4.84620179e-06	4.875788843e-06	-9.175323906e-07	5.425416877e-07	1.551603547e-07
	1.378396017e-06	2.414935374e-06	-3.760570205e-05	1.347073737e-05	1.809660406e-06
	1.352465078e-06	1.254223877e-06	1.824123535e-08	7.600005073e-06	1.339469265e-06
	-3.388486947e-06	-2.890093322e-08	6.84213119e-06	2.206188121e-06	1.75357544e-05
	1.847059389e-05	-5.089313774e-06	-3.772761254e-06	-6.345156229e-06	-1.028872761e-05
	1.217699875e-07	1.604774181e-07	-7.234775108e-06	-6.689842118e-07	-5.148681009e-06
	-4.465980651e-05	1.161542645e-05	1.138761887e-06	-5.351156351e-06	1.305505522e-06
	3.991297074e-05	-1.570010158e-06	3.443872295e-05	-2.394511848e-06	-1.220320309e-05
	-7.716390554e-07	-2.111326634e-07	2.799731505e-06	2.621636066e-05	6.042691878e-06
	1.175181377e-05	1.694374695e-06	-1.675135572e-07	7.766523288e-07	4.786163148e-06
	7.646695617e-06	1.06434477e-05	-1.135887301e-06	1.019651109e-05	-1.705967677e-06
	9.984600772e-07	8.864311391e-06	8.927334882e-06	-2.864431922e-05	8.552456424e-06
	1.194277184e-05	6.855964511e-06	5.141485556e-07	6.034280006e-06	1.451108185e-05
	1.457162502e-06	3.577614349e-06	2.926917468e-06	-3.816801765e-06	-2.752504141e-07
	-7.403592737e-08	1.182924319e-05	-3.517992946e-05	-4.471320303e-07	1.718732782e-05
	-4.521357253e-07	5.83561569e-06	4.145100745e-07	-3.704570002e-08	-1.268633147e-07
	9.38370623e-07	-3.458918507e-05	-3.7848174e-06	9.030502496e-06	-1.142088525e-06
	-9.392715012e-06	3.495601899e-05	-9.901707386e-06	2.207688733e-05	2.206676238e-06
	-3.308448004e-06	4.335428026e-05	-2.246706614e-07	2.786172222e-05	-2.603510969e-07
	2.694456202e-05	5.824314606e-06	4.778761377e-06	2.635685391e-06	-4.0072843e-06
	-3.054234216e-05	4.052992641e-05	-1.578953412e-06	-8.910338688e-08	1.877632378e-05
	1.590249453e-06	-1.93057974e-06	-5.648487775e-06	-2.40121662e-06	-4.756067892e-06
	-3.332376004e-08	-6.161824146e-07	2.969994275e-06	1.891145406e-05	1.54377343e-06
	-4.094739342e-05	-1.666760456e-05	-9.128697325e-07	-2.691865649e-05	-2.101355192e-06
	-3.378245634e-06	8.908619294e-07	-2.206162265e-05	-8.150454737e-07	2.764695281e-06
	2.115448394e-06	-2.419326355e-05	6.892276666e-07	1.694313157e-07	-2.771930692e-06
	-9.643898942e-07	-4.025055406e-05	4.004149442e-07	1.723994397e-05	1.379178156e-06
	-2.266621513e-06	3.003800886e-06	-1.372593407e-06	2.062156398e-06	3.370217159e-05
	3.357672347e-05	4.515828008e-06	-6.321604455e-06	3.991636866e-05	4.447239773e-05
	4.508235773e-05	4.71332181e-05	3.507912586e-05	-3.112010311e-05	-3.67480288e-05
	-2.618805229e-05	-1.527100633e-05	-4.203028742e-05	-4.425338941e-05	-3.315129182e-05
	1.635190074e-06	-3.070975394e-05	-3.673253417e-05	1.270633092e-07	-1.196899777e-05
	-6.72963157e-06	-5.740322039e-07	7.355794185e-06	1.317570798e-05	-9.492908347e-06
	1.963922287e-05	3.317392306e-05	4.507729505e-05	-9.92063937e-08	7.341152921e-06
	4.617030738e-05	4.348801613e-05	4.612246704e-05	4.41021713e-05	4.124559268e-05
	3.983032325e-05	-4.416977172e-05	2.147313217e-05	8.756711333e-06	7.306831928e-06
	3.253954269e-07	-4.894292962e-06	-3.630178979e-06	-4.633649501e-06	-6.375778688e-06
	-1.002641372e-05	-7.589083061e-08	2.040636082e-05	1.006495208e-07	1.771122187e-06
	-1.809009005e-05	3.40151065e-07	-4.385752589e-05	4.022218665e-05	-7.920566158e-06
	-1.468806218e-05	4.355125407e-05	-4.243893431e-05	-2.170343231e-05	3.273804936e-05
	-1.426336784e-05	3.837278522e-05	1.542830206e-06	3.848251855e-06	2.204215389e-06
	-1.825186753e-07	-1.307308511e-07	-1.281819838e-07	-2.528028502e-05	4.300945455e-05
	-5.176075344e-07	-6.48428868e-06	-9.255759669e-06	4.002123855e-05	-4.607767223e-05
	-4.432970584e-05	1.476422755e-05	-4.178807517e-05	-3.881505901e-05	-7.898046663e-07
	2.297691879e-05	2.762098601e-06	2.201565713e-06	1.308846517e-05	8.761214239e-06
	-3.729119117e-05	-2.545456747e-07	-3.505276342e-08	-8.914491174e-06	1.061102055e-06
	-4.131319919e-05	1.693943878e-05	2.828473595e-05	-4.423626069e-05	4.508096361e-05
	
