1550	
	-0.002722651801	-0.002591848684	-0.002366605555	-0.002433956454	-0.00233688903
	-0.002371726049	-0.002163988312	-0.002270725183	-0.00213303906	-0.002257143573
	-0.002019058744	-0.002115942408	-0.002135022849	7.884210358e-05	-0.002073689038
	-0.0009788470126	-0.001997925534	-0.002023214128	-0.001995341324	0.0003354521426
	-0.001894095339	0.0001883034602	-0.002198608515	-0.001300477783	-0.001403050066
	-0.001751101596	-0.00178388791	8.221616093e-05	-0.001661069945	-0.001716360655
	-0.001607864908	-0.001507191865	-0.001417901494	-0.0008773839198	-0.0006893145178
	-0.001636680869	-0.00151107775	-0.001073362355	-0.002341397654	-0.001443160009
	-0.001507859072	-0.001075068003	-0.0006775761586	-0.001395703037	-0.001303659794
	-0.001122754126	-0.0009334381622	0.0005712413601	-0.0005539976702	-0.001200450304
	-0.001008459077	-0.0009124305087	-0.0004759892025	-0.0009033062114	-0.001106030231
	-0.0002760406929	0.0002256918935	-0.0009451486212	-0.001001208966	0.001350373136
	-0.0007753076465	-0.001444968036	0.001419124753	0.0008163055648	-0.0004312661455
	0.00128660992	-0.0005679974814	0.001749470331	0.0006583402917	-0.0002713091376
	-0.0004636546435	-0.0006658291607	-0.0005062291083	-0.0008126392782	-0.0003464502686
	-0.0004119050443	-0.0006591506418	-0.001315761232	-0.0007252613214	0.002099070859
	-0.0005459750323	-0.000790910865	-0.0007456987043	-0.0006665113671	-0.00216771073
	-0.001652810218	-0.002359277182	0.002360188151	0.001073160099	-0.0006819334409
	-0.002161964208	-0.0007328257432	-0.0004254722084	-0.002468849119	0.0009536616093
	-0.0007064314483	0.002577030519	0.002723274902	3.281233407e-05	0.000437957218
	4.931987583e-05	-0.0002180692391	0.0002602036733	2.008072496e-05	-0.0003586145971
	5.805587596e-05	0.0005983664647	-0.0003989339195	-0.0001478572421	-0.00109187644
	0.000285979999	0.001220301691	0.001174586018	0.001079802978	-0.0009192748383
	0.001938736172	-0.0009141330535	-0.0001840297488	0.001965284195	-0.001979529188
	0.002472444139	0.000262833227	0.000389241905	-7.886952336e-05	-0.000431182708
	-0.0002345396278	-0.002450662324	0.002146268359	-9.946462984e-05	0.0009615642791
	-0.0002978425367	-0.0008612522994	0.002220720227	0.00220758547	0.0001695904321
	-0.0003707289845	0.0004275336272	0.0004192653103	-0.0001358318088	-0.002405637953
	-0.0001759683236	-0.00111607705	-0.00227436424	0.0007114406894	0.0002247687471
	4.396720807e-05	0.002468627591	0.002151856129	-0.0002115379324	0.0001916867669
	0.0005906881928	0.0002776903919	0.001213648896	0.0007940428017	-0.001720309046
	0.001636880738	-0.0001243438968	0.0001304995928	0.002364423581	0.002262393602
	0.001647979298	0.001575873182	-0.0020798289	-0.0005713159306	0.0003209754158
	8.150606385e-05	0.0007300166817	0.0005838922859	-3.569873175e-05	0.0009089075293
	-5.204231072e-06	0.001304493912	0.001258812669	0.0006150499138	0.0004286718384
	-8.928437411e-05	0.001818220367	0.000271338004	-0.00265533966	0.002227686271
	0.001722660052	-0.002518195272	-0.0003509086582	-4.902063786e-05	0.002141611164
	-0.00225603234	0.0003236588664	0.000166921304	-1.582734504e-05	-0.0001056355726
	0.0007079383275	-0.002342833721	0.002087473705	0.0002875755657	0.001156269474
	-0.002466308109	0.001919757865	-4.635366753e-05	-0.001512193842	0.0009066713396
	0.0008369588326	0.00186103062	-7.719493943e-05	-5.862123659e-05	0.002050968107
	0.001138755892	0.000170588141	0.0002409153417	0.0007159895252	0.0004503886969
	0.001275954261	0.000446113447	0.001328313249	-0.002176801482	0.001168064845
	0.001402987498	0.0003342506344	0.0001568404526	0.001079557737	0.002038039814
	-5.18097251e-05	0.000962716411	0.000104205462	0.0006223013691	0.001397905138
	-0.002015612945	0.0001707808965	0.001781835518	0.00147203285	0.001059713721
	-0.002354223742	0.0015840016	5.471548915e-05	0.001703696354	0.0002646523692
	0.0004457931336	0.0003773785348	0.001531213286	0.0001048242967	-0.0008374361131
	0.001818128254	0.001642142755	-0.0006677831026	-0.0005725759255	0.001403417854
	0.0003983067894	-0.002614581788	0.0002987323421	0.0004775202197	0.0004750183425
	0.001016891588	0.001381431368	0.0001034316103	0.001525699811	0.00111136498
	-4.845370616e-05	0.0003683802082	0.0009632125775	0.001383883818	0.0005333865548
	0.0002734011247	0.0004965964954	0.001686657008	0.0001487585782	0.002098678489
	0.001175571705	0.0002351469489	0.0007670167654	5.131196372e-06	0.001880793414
	-1.024514406e-05	-0.002550715169	0.0007351077358	0.00133935029	-0.001687617283
	0.002072788017	8.914590457e-05	-0.002288109348	0.001263742871	0.0009325143783
	0.0006499387991	-0.0001317083598	0.002054231171	0.00232024069	0.0008948648567
	0.001185754299	0.002491139756	-0.0008115389208	0.0004016928437	0.0007616247689
	0.0003071998193	-0.0003027490154	-0.0001732217775	1.433575389e-05	0.0006378022338
	0.000278450182	-0.002218777946	-0.002586270572	0.0009296933076	0.00029949183
	0.002193142266	0.001153574802	-0.001666947002	0.000120101058	0.0007360675669
	0.0005889430919	0.0005176392912	1.841626827e-05	0.0003970026763	0.001094198642
	-0.002240125704	0.000704593116	0.001705170543	-0.0001559647712	-0.0004132225654
	4.057402115e-05	0.0007763040377	0.000639989923	0.002309823426	0.002168641124
	-0.001383630973	0.0011888643	-0.002033638601	2.612829879e-05	-8.770488601e-05
	0.0001577132613	0.002434910845	0.002433802696	0.001724337582	0.0005855077812
	-0.002292111664	0.002367707592	0.0003508353033	0.0001167570563	-0.0001323618739
	0.0008107718377	-0.0002589069969	0.002022820157	0.001654047377	-0.0005201584233
	0.0005965172161	-0.0001472606969	0.0001336589479	0.002150921928	-0.0002539970601
	0.002688532153	0.0007969951357	0.001792411569	0.0003369390527	-0.0001843926999
	-4.244584215e-05	0.002659177906	-2.476712201e-06	0.0005539538799	-0.000210013742
	0.001673635775	-0.0004999369804	0.002576622082	-0.0001791635361	0.002428337589
	-0.0001249925773	0.002723269414	-0.000280639063	0.00155376338	-0.0006017666545
	0.002578600248	0.002246993197	-0.0005945185635	-0.002466449652	-0.0001399304323
	-0.0002275701406	-0.0005153139295	-0.0006372234214	-0.0003709770206	0.002408005177
	0.001589375207	-0.0003548627865	0.0005306866561	-0.0005062361378	-0.002393312338
	-0.0001753787806	-0.0007391595188	0.00220891184	0.00198509983	0.0001162994478
	0.00137586038	0.001915673916	-0.00072936535	-0.0008639643791	-0.0005872076851
	0.001324585048	-0.00087140298	0.0001055793195	-0.0006877265408	-0.0009996485771
	-2.885057194e-05	-0.001077612152	-7.77268162e-05	0.0007969344953	-0.000214800862
	-0.0008289329361	0.0002996654232	-0.0008845383736	-0.0009243441064	-3.92175548e-05
	0.0005628414182	0.0004988915631	7.188480269e-05	-0.0007656458429	-0.001125861295
	-0.001128703893	-0.0004701143464	-0.0006251561008	-0.001108699351	-0.000664295059
	0.0007960220229	-0.0004692900751	-0.001009580433	0.0008330754156	-0.0007197912706
	-0.001101275212	-0.001046497217	-0.0008569408478	-0.001175149305	-0.0001509415426
	-0.0004127309388	-0.002109108291	-0.0008308459148	-0.001407789684	-0.001336297446
	-0.001310359686	-0.001234553574	-0.001402414347	-0.001444447571	-0.001438557389
	-0.001383850355	-0.001619524194	-0.001589816498	-0.0009864544946	-0.001645701889
	0.0001538224575	-0.001442290414	-0.001638529337	-0.001767603854	-0.001276493312
	-0.001846799608	-0.001782037021	-0.001862992562	-0.001865583641	-0.001922109064
	-0.002034088054	-0.002148148462	-0.0003444127968	-0.002125902666	-0.001939614841
	-0.002031890986	-0.002399604553	-0.002275179634	-0.00249008327	-0.00261290481
	-0.002649922592	-0.002722861063	-0.002676900378	-0.002530968451	-0.002440055378
	-0.001690108948	-0.002122499896	-0.001994929328	-0.001702432821	-0.001767823508
	-0.001707909519	-0.002234731161	-0.002337130505	0.001482949147	-0.00157608966
	-0.001854318889	-0.001410174205	-0.001286474211	-0.001535427011	-0.001384842584
	-0.001204566104	-0.0003676430588	-0.000376524585	-0.0002808694455	-0.0003940764669
	-0.0002225858889	-0.0003352287101	-0.002238759484	0.0006679343932	0.0007721170943
	0.0006533919854	-0.001024886399	-0.001759415991	-0.0006795370997	-0.0005125142841
	-0.0006590987399	-0.0004496956093	-0.0005620881214	0.002452724054	0.002350516925
	0.002239628126	0.001607163549	0.001465527226	0.001281386732	0.001765348766
	0.0002851829775	0.001576746298	0.001431701489	0.001701171493	0.0001145519561
	0.002127217574	0.001993294717	0.001739258251	0.001655997157	0.001224883047
	5.723982185e-05	2.752740785e-05	0.0004885861265	-0.001846269024	0.000383740989
	0.0002200774909	6.232001569e-05	3.374428158e-05	-0.001009030587	0.0006188630472
	0.0007387057902	-0.0007451244066	0.001469921465	0.001312436139	0.001139525939
	0.0009355185727	0.0007037971328	-0.001195813327	-0.000441229398	-0.0007059936025
	-0.0008504772774	-0.0007859627547	0.001314878606	-0.002371142658	0.001690025
	0.001690034292	8.152573574e-06	0.001013771908	-0.0001775008054	0.0001247160974
	0.0003309999443	0.0005433788506	-0.002571483817	-0.002651705304	-0.002413255265
	-0.002355461884	-0.002506306495	-0.002322717824	-0.002220855629	-0.002005787456
	-0.001753616596	-0.000229520721	-0.001908751695	-0.002299304821	-0.001535919497
	-3.029636791e-06	-0.00162504572	-0.001701001683	-0.001703872372	-0.001311419739
	-0.001482838256	-0.001348372893	-0.00157706202	-0.001145876899	-0.0009236650412
	-0.001201977618	-0.001396393757	-0.001250982268	-0.000789037242	-0.001164327738
	-0.001608986106	0.002141817785	-0.0003840099361	-0.0006044870206	-0.0008014957635
	-0.001055264523	0.001834265781	-0.000704390453	-0.00122625701	-0.001359183395
	0.0001513397582	0.001221374904	-0.00056213518	-7.632890651e-05	-0.0003115983305
	-0.0004929303297	0.0003279904005	-0.001169283119	-0.001201610963	-0.0005086097776
	-0.0002575482861	-0.0003084592572	-0.0002698086381	0.001166969615	0.001593156352
	0.0002211339914	0.001452889649	-0.0001539612122	-0.0002933715455	-0.0002198973775
	-0.001217006585	-0.001373729214	-0.0015332699	0.002501311848	0.002565231764
	0.002294362081	0.002206487069	0.002331371748	0.002089406235	0.001988955098
	0.001204213292	0.001070350915	0.0009195740338	0.00160023464	0.002156730009
	0.002055550433	0.001852973439	0.001491922832	-0.001423466276	0.001971439446
	0.001861031811	0.001448127985	0.001200448641	0.001302515906	0.001254289907
	0.001288852636	0.0009772233666	0.001712501331	0.001336721594	0.001219823134
	0.0007079862928	0.0004999095673	0.001033489351	0.0003072135327	0.0008204589054
	0.0006182178864	0.001159429134	0.000776034414	0.0009045334925	-7.147985919e-05
	-0.0004844842027	-2.371196672e-06	-0.0001856158765	-0.0001470925926	-4.038647126e-05
	-6.872871695e-05	0.0003915534682	9.980796198e-05	0.0001402738943	-0.00130380002
	-1.554419031e-05	-0.0003110855284	-6.288354271e-05	-1.942449151e-05	-1.057642064e-07
	-2.300316949e-06	-0.0003207078395	0.0002421979799	0.0004885489316	0.0004134628378
	-0.002070765995	0.002404727348	0.0003933377397	0.0003801277552	0.0004528002839
	5.295695082e-06	-0.0004416496373	0.0002543316381	0.0002239357594	0.001372971146
	0.001676996908	0.002652294162	-0.0004762897055	-0.00124902693	-5.46639237e-06
	0.0004695936602	0.002677456248	0.001097255817	-0.002163201926	0.000244718618
	0.0001372455642	-0.0008124838166	0.0004660696417	0.000365730013	-0.0007693401355
	5.042094401e-06	0.002538039383	4.625772048e-05	5.785042103e-05	0.0005685213854
	-0.002411358317	-0.002464941892	-0.002500945035	-0.002547806202	-0.002282591767
	-0.00231352728	-0.002183384852	-0.002265198102	-0.002130903795	-0.001994489205
	-0.001998108722	-0.001877186332	-0.001703481537	-0.002360641478	-0.002555070006
	-0.001744241643	-0.001879170925	-0.002106627687	-0.002231045053	-0.002214832894
	-0.001586055234	-0.001930051853	-0.002004709964	-0.001922749117	-0.0022246022
	-0.001949439176	-0.001784509415	-0.001586055118	-0.00183940294	-0.002041188948
	-0.001879577742	-0.001877397973	-0.00125359344	-0.001212115097	-0.001604045147
	-0.002377638727	-0.002171769094	-0.002091787589	-0.001905089591	-0.001640860529
	-0.001749106292	-0.001519140818	-0.001583685401	-0.001396965526	-0.0009886059432
	-0.0008584460364	-0.001219604116	-0.00144268654	-0.00110514065	-0.001531675262
	-0.001383031259	-0.00148165119	-0.001502543229	-0.00148581676	-0.001695577823
	-0.0005305187229	0.001037407931	0.001346633227	-0.0004572272897	2.13653139e-05
	1.804390421e-05	0.0001787721498	-0.0007662717361	-0.0003003004242	-0.0004808655019
	-0.0001641036428	-0.0006740184811	-0.001388885716	0.0009920397298	0.001166577243
	-0.0001218243914	-0.0004002668878	-0.0002893898314	-0.0001299608717	0.001288493644
	0.001213286785	-0.001465858386	-0.001271879287	-0.0009014615801	-9.345564108e-05
	0.0005496516984	0.0003489891588	0.0002806754978	0.0001802675044	0.002659751562
	0.0002892423476	-0.000121347877	1.494589689e-05	0.000131011811	-0.0003097816751
	-0.0005911986588	-0.0003612830923	-0.001001890265	-0.0002434924191	-0.001092472723
	-0.0008174580194	-0.0004477872757	0.0004342519283	0.0002348531376	0.0004050104242
	0.0002218346673	0.0003902732119	-0.0003302694029	-0.0005737483539	0.0009836950065
	0.001131215353	0.0006100859741	0.0005916551092	-0.0003078573062	-0.00062863506
	-0.0008163782352	-0.0004465227325	-0.0008229987426	-0.0005498039064	-0.0008230081967
	-0.0006683891772	-0.0003038090475	-0.0002402425256	-0.0006751963239	-2.71032674e-05
	-0.0003619224019	0.0002148847919	6.076644671e-05	0.0005448507732	0.0001750535466
	-7.596622004e-05	0.0003942747418	0.002478272246	0.002544492723	0.00245823092
	0.002578181993	0.002512892861	0.002296260094	0.002406935634	0.002383663326
	0.002344809365	0.002280169314	0.002275735362	0.002091962112	0.001435672452
	0.00150575267	0.001555235846	0.001650366611	0.001153443617	0.001505662529
	0.001363557812	0.001897439836	0.001899429774	0.001597258263	0.001430098854
	0.001958147124	0.001246363919	0.00131072475	0.001938598649	0.001824169412
	0.001817704708	0.001803029035	0.002045572929	0.001942930345	0.002181922988
	0.001696169128	0.002043406771	0.001998965909	0.00189321522	0.001642783655
	0.002206508591	0.002004550244	0.001868738149	0.002062216079	0.001831958676
	0.001733877477	0.001613896158	0.001405285241	0.001350318703	0.001236230453
	-0.0003094905964	-8.835923139e-05	-0.001509717651	-9.239860864e-05	-0.0002217487659
	-4.2090148e-05	0.0005934459062	0.0008229863484	0.0007609725444	0.0006150995909
	0.0005022469795	0.0008819699053	0.001005721608	0.0009712937707	0.0006552140524
	-0.0001532910938	2.690609953e-05	0.0003243232243	0.0007542448866	0.0009113893175
	0.0009272760892	0.001126663822	0.001089963312	0.0001122276866	0.0001824203126
	0.0001042194956	0.0003398063825	0.0002934721217	0.0003869247136	0.001019833651
	0.000298904996	0.0002147951619	0.0003796420308	0.0004954901446	0.0008559092215
	0.001418086983	0.001875963664	0.001562362492	0.001504942629	0.001523256443
	0.00158375926	0.001465593958	0.001363229658	0.001147254687	0.001843112838
	0.001351293181	0.0009796642242	0.001184977046	-4.77076988e-05	-1.029719405e-05
	-0.0007158391658	-0.00114268593	-0.0007185539598	-0.001061260711	-0.00098427766
	-0.001370802243	-0.001404328989	-0.0009607315735	5.961835772e-07	-0.0001241545924
	-1.4177295e-05	6.266583326e-05	-5.521477337e-05	-0.0002883318504	-0.0001710065955
	-8.574232251e-05	-0.0004203284776	0.0002894231353	-0.002298533984	-0.0004218295168
	-0.0007367205126	-0.0001901127029	-0.0009122755074	-0.0007420289495	-0.001011457093
	-0.0003586047466	-0.0003996106038	0.0001192201399	4.692753061e-05	6.593782578e-05
	-0.0001230746997	-0.0004786070373	-0.0003884676318	-0.0004747078092	-0.0001812280871
	-0.0002766010266	-0.0002986910752	-0.0002443406612	-0.0001876213343	-0.0003923481694
	-0.0006427660145	-0.000176087482	0.001562246318	0.001541281935	0.001052668339
	0.001572166299	0.001133257037	0.001527101498	0.001440255601	0.001302894797
	-0.002308628826	-0.002241560688	0.001833003215	0.001264733272	0.001027661189
	-0.001098093935	0.0004314969497	0.001442257169	-0.001608892204	0.0005553248606
	0.001013028369	0.0009283029352	0.0007888455399	-0.0001725995129	0.0004847780153
	0.0005759370481	9.562311073e-05	0.0007764446383	0.0004234085895	0.0003364775356
	-0.0002392604617	0.00108776069	0.0007402653123	0.0009061591625	0.0009284292884
	0.001372464169	8.984567354e-05	0.0003299453745	0.0002410903614	-0.002641545555
	-0.002493100115	-0.002433212839	-0.002520232046	-0.002581635731	-0.002254209832
	-0.002164416954	-0.001757985733	-0.001382517037	-0.00136472414	-0.001841481643
	-0.00213514838	-0.001986487392	-0.002343198802	-0.002041574954	-0.001617428884
	-0.001369981698	-0.001339633028	-0.001877302608	-0.002079549508	-0.001952256952
	-0.002083688841	-0.002071884898	-0.001847973578	-0.002184207737	-0.001843109007
	-0.001628934508	-0.001632123494	-0.001506256289	-0.001773731329	-0.001862790171
	-0.001911245442	-0.001825929746	-0.002217149381	-0.002246562338	-0.001647970467
	-0.001725952382	-0.001464329238	-0.001639754581	-0.001717625192	-0.001759900053
	-0.001912593091	-0.001511960946	-0.001670770971	-0.001529374513	-0.001553487455
	-0.001305878846	-0.001411769215	-0.001072214796	-9.818737272e-05	-0.0009204579554
	-0.001331013181	-0.001130738489	-0.001237119333	-0.001299563815	-0.001547457756
	-0.001061442678	-0.001104661594	-0.0009119866456	-0.0004908442768	0.000143302136
	-0.001250202953	-0.000370021211	-0.001549381441	0.0003084685182	-0.001426742909
	-0.00147882633	-0.001327634828	0.0001076685894	-0.0002706067985	-0.0006230102383
	-0.0003003575789	-0.0005165948552	-0.0005192372844	-0.0006064650628	-0.000671848214
	-0.0007915081037	-0.001642158391	-0.001218057987	0.0002528142565	0.0007622941942
	-0.000174670958	0.001017389028	0.0008640005076	-0.0007287818791	0.00049088437
	0.0001570820778	-3.438459274e-05	0.0008498594073	0.0006878500918	0.001084211482
	0.001032366982	-0.001166415177	-0.001095048867	-0.000780101115	-0.001470673391
	-0.0008466290517	-0.0005402858403	-0.0006986058084	-0.000227866481	-0.001189173907
	-0.001208630023	-0.001221694392	-0.001350028871	-0.001225133089	-0.001083239529
	-0.0009789649502	-0.001319267202	-0.001452220779	-0.0002654512438	-0.0007538146623
	-0.0009375883802	-7.274966255e-05	4.007963091e-06	-0.0008218773505	-7.826939644e-05
	-0.0002047248556	-0.0002970690258	-0.0004190399401	-0.0005844479128	-0.0003565692901
	-0.0005205433913	-0.0005289061571	-0.0002917851162	-0.0008224549513	-0.0006566187968
	0.001171131327	0.0007395071678	0.0005948964941	0.0007056951584	-0.0003250569457
	-1.91272854e-06	0.001067537576	-0.0005835112146	-0.0006976372378	-0.000850683194
	-0.0008247648332	0.0006997160364	0.002233651735	-0.0003934146023	-0.0001376032396
	-0.0007879962546	-0.0009931889139	0.0005301184645	0.0005802058647	0.000125021552
	-2.392689117e-05	0.001299066398	0.001431059315	0.00121736738	0.001283400132
	-0.0008673937648	0.0008976295974	-0.0004290158921	0.00141161386	0.001366249731
	-0.000971388975	0.0006004046065	2.054215684e-05	-0.0001498576908	0.001249417464
	-0.0003614407424	-0.0001646821681	-0.000155192777	0.0004642969872	0.0001123390469
	0.0008567724155	0.000432921381	0.0006618395229	0.0004775893414	0.0004318115698
	0.0007511212736	0.0006233100031	-3.588764397e-06	-0.00153191457	-0.001355189975
	0.002643192581	0.002571079637	0.002253016228	0.002317599446	0.002258634054
	0.002381961092	0.002486857689	0.002266648215	0.002492303909	0.002593613072
	0.001983691218	0.002123198613	0.00150853519	0.002082851613	0.002133760929
	0.00196779928	0.002517054743	0.00212521374	-0.0008957090119	0.00097032664
	1.908537145e-05	0.001058383569	0.002287738958	0.00193212891	0.001852214209
	0.001953119216	0.00201118842	0.001890984356	0.001696188836	0.001947454679
	0.001703299865	0.001728451005	0.001842337717	0.001735339625	0.001767741939
	0.001143213655	0.001839153295	0.002055800961	0.00143118183	0.001458998181
	0.001416248247	-0.0005708719356	0.001004015407	0.001087603034	0.001000497847
	0.00055243083	2.721492252e-05	0.001505571289	-0.001443847591	0.001204272027
	0.001458775859	0.001548098681	0.00040876519	0.0009008500498	0.001155398568
	0.001005753623	0.000899417105	0.0008069241207	-0.001585345043	-0.0005398608128
	0.0008918869068	0.0005961499185	0.0004573145037	0.0008789346533	0.0009804730044
	0.0008596385896	-0.0004280331509	0.0006688198216	-0.0006552822444	-0.0007026031094
	0.0005286657142	-8.493505201e-06	8.735943582e-05	-5.295973666e-05	-0.0001237846561
	-0.0002294859122	6.158536834e-05	0.000162285369	0.0001399488453	-0.0004638053868
	-0.001710331142	0.000428838676	0.0002147512307	0.0004204145476	0.0006954644277
	0.0001057555266	0.0002589261838	-0.0003539780117	-0.0002578369944	-0.001009414354
	-0.0008649077876	-0.001270894807	-0.001357148415	-2.475349832e-05	-0.0002844972494
	-8.096424579e-05	-0.001716503317	-0.00258890526	0.0002029290506	-0.0002976241796
	-0.0005679530238	-0.001007999856	-0.001073787224	-0.001227552739	-0.0005136434411
	0.0002022686185	0.0001802400108	0.000951617362	-2.911211481e-05	-0.0009632598162
	-1.433926353e-05	7.443573538e-05	0.000690508713	0.0005838246415	0.00106349569
	0.000839466113	0.0006568737339	4.907552721e-05	6.154452225e-06	-0.000197186139
	-0.0001868312565	5.803689602e-05	-2.398774998e-05	-6.366990549e-06	-4.386389589e-05
	-0.0002053292445	-0.0002216496158	-4.148716386e-05	7.715583167e-05	-0.0002757460818
	0.0005654496764	-0.00109512739	-0.001236963342	-0.0001133650558	1.055417112e-07
	-2.159512606e-05	-0.0001016152638	-0.0001003882104	0.0006265000665	0.0001638444416
	0.0006341320903	0.0005019170572	-0.0005769106285	7.753748644e-05	-8.180854165e-06
	0.0001040533962	0.0002316845798	-0.001964990165	0.000347596353	0.0003778711644
	0.0001885626931	0.0002661166835	-5.28994742e-07	0.0004243094487	7.683800901e-05
	-0.001224696046	-3.031877565e-06	-0.000896911899	-0.001157635385	-0.0004538306706
	0.00050455898	0.0006840707608	0.0005357748243	0.0008542868428	0.000917295525
	0.0001446814997	2.992222528e-05	0.00265736796	-0.0009606721178	0.0002927013402
	0.001465966292	-0.0009444631724	-0.0003750660871	-0.0001383343925	3.122112572e-05
	-0.002178713011	0.0002963316407	0.001258224012	-0.0006040353571	-0.002408371915
	0.0001373126303	0.000312414755	0.0001500541335	-0.002447077875	-0.001057748919
	-0.001800759616	0.0002213442578	2.952901594e-05	9.19314368e-05	0.0003037242671
	0.0003795552864	-0.002429533047	-0.0003945033872	-0.001060256113	0.0001205228126
	-0.001315054004	-0.0009894063458	-0.0008447985941	-0.0007895754416	-0.0002273018094
	-0.0004932300057	-0.0007219331409	0.0001709117693	-0.000323010321	-0.0006656544582
	-0.0002964291941	-0.000511033415	-0.0009334602438	0.0001697359503	-0.0004689384156
	-6.465712146e-06	-0.0005417386855	-0.001015288484	8.829716919e-05	-0.0004730358812
	5.862041555e-05	0.00178437504	-9.016797257e-05	6.845764089e-08	2.893368013e-05
	-0.000182379381	0.001408745363	0.0004871942396	0.0008338469578	3.825350395e-05
	0.0005615219995	-0.000997269144	0.0004922765768	0.0008093045964	-7.473022511e-05
	0.000250052876	-0.002060253078	-8.537077846e-05	0.0007558997946	0.0001713775026
	-0.002440694755	-0.0005566222963	-0.0006307021568	-0.0003636242688	-0.001579485099
	0.000864997891	0.001736010958	0.0005092422658	3.878623557e-05	-0.0005891263711
	0.0007294932196	0.001242458477	0.000815948145	-0.001723691977	0.0003746853676
	-0.0001084916797	0.0007639121306	-0.0001473177384	0.001363888837	-0.00016595989
	-0.001194649331	-0.001001464383	0.002618644014	0.001435807789	0.0001868298355
	0.0003140440696	-8.507278402e-05	-0.0005782793392	0.0003848963233	-0.0006400360726
	-0.0004196786686	0.002413444312	0.0008144540133	0.0006840717671	0.001035447903
	-0.0001944170261	-0.001236397952	0.000288638549	-0.0006948898766	0.000432195659
	-0.001641917836	0.0005846716528	5.744542764e-05	-0.002656820896	-0.002246037002
	-0.002324985826	-0.001532823421	0.001516009312	-0.002088425688	-0.002012989992
	-0.001775635214	-0.001654170517	-0.0010177187	0.002295813621	0.002244699353
	0.001511079631	0.00155753589	0.001966437189	0.001571967372	-0.002351599273
	0.0005604188802	0.00236853179	0.001096657737	-2.224677261e-05	-0.0009287647535
	-0.0009557649892	4.128056397e-06	-0.0003318539228	-0.002559078846	-0.002351253806
	-0.00209266646	0.0009288932751	-0.001714118327	1.74492419e-06	0.0002936385034
	-0.001887481691	-0.001904845386	-0.001563873625	-0.001522783826	-0.00131517724
	-0.001185593405	0.001793093613	-0.000580073018	0.0002970168555	-0.001736116551
	0.0001026868615	-0.0001226948865	-0.0001577967542	-0.001456753901	-0.001093373509
	-0.0004052121031	-2.846082636e-06	-0.002527935849	-0.001331711954	-0.001606461934
	0.002492023178	0.001554386528	0.001820755825	0.00198527161	0.0005800472937
	-0.0003797672134	0.001636694591	-0.001941039286	0.0005938031715	0.0009602083379
	0.0003826032066	0.001122737007	-0.0001417547513	0.0007562054439	6.345418756e-05
	-2.076781252e-05	-6.931176555e-05	-5.224934347e-05	0.002371707373	0.001810918757
	0.0003976157764	0.0001729511892	-0.001767728831	0.001307784962	0.001624500309
	0.001612126582	-0.002331963102	0.001286086435	0.001199064454	0.0002074442172
	0.0007473759438	0.0003602457314	-0.0005274768772	-0.0003517480187	-0.0002432815115
	0.00214241464	0.0002282607887	2.874008596e-05	0.002595705405	-7.106426838e-05
	0.001329349443	-0.0007927455689	-0.0007889394488	-0.001798580618	-0.001599915335
	
